2 10.643715066835284 43.66872654296458 0.0 0.0 0.5629500150680542 290.0 1.330426095E12 61561.26340652
3 10.643716659396887 43.66871581412852 0.0 0.0 1.1884499788284302 254.0 1.330426096E12 61562.250315603
4 10.643718084320426 43.66870374418795 0.0 0.0 1.1259000301361084 228.0 1.330426097E12 61563.235088395
5 10.643719341605902 43.66869150660932 0.0 0.0 1.1259000301361084 211.0 1.330426098E12 61564.294384478
6 10.64372219145298 43.668679017573595 0.0 0.0 1.1259000301361084 199.0 1.330426099E12 61565.279728895
7 10.643726382404566 43.668666570447385 0.0 0.0 1.1884499788284302 187.0 1.3304261E12 61566.324162853
8 10.643732165917754 43.668654626235366 0.0 0.0 1.1884499788284302 178.0 1.330426101E12 61567.243275229
9 10.643737697973847 43.66864226292819 0.0 0.0 1.2510000467300415 174.0 1.330426102E12 61568.250755895
10 10.643742894753814 43.66863031871617 0.0 0.0 1.1884499788284302 169.0 1.330426103E12 61569.243880145
11 10.643749013543129 43.66861946415156 0.0 0.0 1.1259000301361084 166.0 1.330426104E12 61570.278879562
12 10.643754377961159 43.66860848385841 0.0 0.0 1.2510000467300415 165.0 1.330426105E12 61571.268472979
13 10.643761334940791 43.66859800647944 0.0 0.0 1.1884499788284302 163.0 1.330426106E12 61572.308917395
14 10.643768962472677 43.668586439453065 0.0 0.0 1.3135499954223633 161.0 1.330426107E12 61573.310829853
15 10.643776338547468 43.668575207702816 0.0 0.0 1.2510000467300415 159.0 1.330426108E12 61574.267067729
16 10.643786061555147 43.66856410168111 0.0 0.0 1.3135499954223633 156.0 1.330426109E12 61575.241375895
17 10.643795114010572 43.66855358239263 0.0 0.0 1.1884499788284302 154.0 1.33042611E12 61576.251698437
18 10.643804585561156 43.66854377556592 0.0 0.0 1.1884499788284302 151.0 1.330426111E12 61577.267502269
19 10.643814476206899 43.66853426210582 0.0 0.0 1.1884499788284302 148.0 1.330426112E12 61578.348731562
20 10.643825037404895 43.66852466482669 0.0 0.0 1.2510000467300415 145.0 1.330426113E12 61579.23766077
21 10.643835682421923 43.668516031466424 0.0 0.0 1.2510000467300415 143.0 1.330426114E12 61580.263976478
22 10.64384532161057 43.668508445844054 0.0 0.0 1.063349962234497 142.0 1.330426115E12 61581.290092895
23 10.643856972455978 43.668499435298145 0.0 0.0 1.2510000467300415 141.0 1.330426116E12 61582.322699229
24 10.643869629129767 43.668493065051734 0.0 0.0 0.6880499720573425 138.0 1.330426119E12 61585.309088353
25 10.643885051831603 43.66848392877728 0.0 0.0 1.1259000301361084 135.0 1.33042612E12 61586.238627479
26 10.643901145085692 43.668474457226694 0.0 0.0 1.3135499954223633 132.0 1.330426121E12 61587.247300312
27 10.64391715452075 43.66846519522369 0.0 0.0 1.2510000467300415 130.0 1.330426122E12 61588.271513269
28 10.643932912498713 43.66845618467778 0.0 0.0 1.1884499788284302 129.0 1.330426123E12 61589.280476562
29 10.643948502838612 43.668447718955576 0.0 0.0 1.1884499788284302 128.0 1.330426124E12 61590.30673502
30 10.643964344635606 43.66844021715224 0.0 0.0 1.1884499788284302 125.0 1.330426125E12 61591.23418752
31 10.64398119226098 43.668433176353574 0.0 0.0 1.2510000467300415 123.0 1.330426126E12 61592.293682562
32 10.643999297171831 43.66842542309314 0.0 0.0 1.1884499788284302 122.0 1.330426127E12 61593.30399502
33 10.644015977159142 43.668419094756246 0.0 0.0 1.1884499788284302 120.0 1.330426128E12 61594.274300853
34 10.644034249708056 43.6684126406908 0.0 0.0 1.3135499954223633 117.0 1.330426129E12 61595.231483395
35 10.644052689895034 43.66840622853488 0.0 0.0 1.2510000467300415 116.0 1.33042613E12 61596.327390729
36 10.644070208072662 43.66840023547411 0.0 0.0 1.2510000467300415 115.0 1.330426131E12 61597.341445687
37 10.644088564440608 43.66839537397027 0.0 0.0 1.3135499954223633 112.0 1.330426132E12 61598.227141729
38 10.644106417894363 43.66839185357094 0.0 0.0 1.3135499954223633 108.0 1.330426133E12 61599.272612187
39 10.644125025719404 43.66838862653822 0.0 0.0 1.4386500120162964 105.0 1.330426134E12 61600.330291104
40 10.644143130630255 43.66838506422937 0.0 0.0 1.3135499954223633 103.0 1.330426135E12 61601.212775354
41 10.644160397350788 43.66838229820132 0.0 0.0 1.2510000467300415 102.0 1.330426136E12 61602.257439312
42 10.64417808316648 43.6683790711686 0.0 0.0 1.3135499954223633 101.0 1.330426137E12 61603.307288729
43 10.644195601344109 43.66837638895959 0.0 0.0 1.1884499788284302 100.0 1.330426138E12 61604.219695437
44 10.644212532788515 43.66837345529348 0.0 0.0 1.1884499788284302 100.0 1.330426139E12 61605.259928978
45 10.644229548051953 43.668371946550906 0.0 0.0 1.1884499788284302 97.0 1.33042614E12 61606.237479812
46 10.644246814772487 43.668370647355914 0.0 0.0 1.1884499788284302 96.0 1.330426141E12 61607.257213062
47 10.644263913854957 43.66836968343705 0.0 0.0 1.1884499788284302 94.0 1.330426142E12 61608.340542895
48 10.644280007109046 43.66836888715625 0.0 0.0 1.1884499788284302 92.0 1.330426143E12 61609.242835104
49 10.64429484307766 43.66836930625141 0.0 0.0 1.1884499788284302 90.0 1.330426144E12 61610.239093519
50 10.644310181960464 43.66836918052286 0.0 0.0 1.2510000467300415 90.0 1.330426145E12 61611.255387811
51 10.644326359033585 43.66836838424206 0.0 0.0 1.2510000467300415 90.0 1.330426146E12 61612.29962027
52 10.64434320665896 43.66836838424206 0.0 0.0 1.3135499954223633 87.0 1.330426147E12 61613.311031228
53 10.644360054284334 43.66836913861334 0.0 0.0 1.2510000467300415 86.0 1.330426148E12 61614.304840812
54 10.644376147538424 43.66836976725608 0.0 0.0 1.2510000467300415 86.0 1.330426149E12 61615.242226019
55 10.644392156973481 43.66837131790817 0.0 0.0 1.2510000467300415 83.0 1.33042615E12 61616.287720312
56 10.644407579675317 43.66837341338396 0.0 0.0 1.3135499954223633 80.0 1.330426151E12 61617.310979771
57 10.644423002377152 43.66837584413588 0.0 0.0 1.2510000467300415 78.0 1.330426152E12 61618.228743228
58 10.64443901181221 43.66837810724974 0.0 0.0 1.3135499954223633 77.0 1.330426153E12 61619.233735187
59 10.64445468597114 43.66838200483471 0.0 0.0 1.3135499954223633 74.0 1.330426154E12 61620.279034228
60 10.644470695406199 43.66838644724339 0.0 0.0 1.3135499954223633 71.0 1.330426155E12 61621.295231604
61 10.644486201927066 43.66839038673788 0.0 0.0 1.2510000467300415 69.0 1.330426156E12 61622.320278896
62 10.64450053498149 43.66839617025107 0.0 0.0 1.3135499954223633 68.0 1.330426157E12 61623.225641104
63 10.644515622407198 43.66840065456927 0.0 0.0 1.1884499788284302 67.0 1.330426158E12 61624.260553354
64 10.64453037455678 43.6684052227065 0.0 0.0 1.2510000467300415 66.0 1.330426159E12 61625.279343812
65 10.644543953239918 43.66841096431017 0.0 0.0 1.1259000301361084 63.0 1.33042616E12 61626.282566895
66 10.644556861370802 43.6684179212898 0.0 0.0 1.2510000467300415 60.0 1.330426161E12 61627.25049652
67 10.644569853320718 43.66842580027878 0.0 0.0 1.3135499954223633 57.0 1.330426162E12 61628.282959186
68 10.644583264365792 43.66843372117728 0.0 0.0 1.3135499954223633 56.0 1.330426163E12 61629.33340602
69 10.644596675410867 43.668441767804325 0.0 0.0 1.1259000301361084 55.0 1.330426164E12 61630.365423645
70 10.644608745351434 43.66844998206943 0.0 0.0 1.3135499954223633 53.0 1.330426165E12 61631.259411228
71 10.644620228558779 43.66845869924873 0.0 0.0 1.2510000467300415 50.0 1.330426166E12 61632.25895377
72 10.644630119204521 43.668467877432704 0.0 0.0 1.2510000467300415 46.0 1.330426167E12 61633.247715895
73 10.644640093669295 43.66847722325474 0.0 0.0 1.2510000467300415 45.0 1.330426168E12 61634.325702478
74 10.644651828333735 43.66848518606275 0.0 0.0 1.3135499954223633 47.0 1.330426169E12 61635.304232603
75 10.644662138074636 43.66849348414689 0.0 0.0 1.3135499954223633 45.0 1.33042617E12 61636.237402395
76 10.644672280177474 43.668502578511834 0.0 0.0 1.2510000467300415 43.0 1.330426171E12 61637.291279979
77 10.644682422280312 43.66851255297661 0.0 0.0 1.3135499954223633 41.0 1.330426172E12 61638.345734728
78 10.644692312926054 43.668522904627025 0.0 0.0 1.3135499954223633 39.0 1.330426173E12 61639.22877877
79 10.644701700657606 43.66853283718228 0.0 0.0 1.3135499954223633 37.0 1.330426174E12 61640.269517103
80 10.644711339846253 43.66854230873287 0.0 0.0 1.2510000467300415 36.0 1.330426175E12 61641.302800354
81 10.644722655415535 43.66855169646442 0.0 0.0 1.2510000467300415 36.0 1.330426176E12 61642.329011103
82 10.644728858023882 43.66856816690415 0.0 0.0 1.5012000799179077 31.0 1.330426177E12 61643.228494937
83 10.64473464153707 43.668579859659076 0.0 0.0 1.4386500120162964 28.0 1.330426178E12 61644.255260812
84 10.644747214391828 43.668590295128524 0.0 0.0 1.063349962234497 28.0 1.33042618E12 61646.394395437
85 10.644746795296669 43.66860399954021 0.0 0.0 1.063349962234497 25.0 1.330426181E12 61647.340299895
86 10.644748639315367 43.66861313581467 0.0 0.0 1.0008000135421753 24.0 1.330426182E12 61648.216399312
87 10.644750483334064 43.66862365510315 0.0 0.0 1.1259000301361084 21.0 1.330426183E12 61649.257521895
88 10.644752494990826 43.66863518022001 0.0 0.0 1.2510000467300415 18.0 1.330426184E12 61650.31253402
89 10.644752327352762 43.66864561568946 0.0 0.0 1.3135499954223633 14.0 1.330426185E12 61651.25121602
90 10.644752830266953 43.668656763620675 0.0 0.0 1.376099944114685 10.0 1.330426186E12 61652.222996394
91 10.644754590466619 43.66866774391383 0.0 0.0 1.376099944114685 9.0 1.330426187E12 61653.301127812
92 10.644756434485316 43.668681657873094 0.0 0.0 1.4386500120162964 7.0 1.330426188E12 61654.316199479
93 10.644757188856602 43.66869573947042 0.0 0.0 1.4386500120162964 5.0 1.330426189E12 61655.345012145
94 10.644758362323046 43.66871032398194 0.0 0.0 1.3135499954223633 3.0 1.33042619E12 61656.235555396
95 10.644758781418204 43.6687228968367 0.0 0.0 1.3135499954223633 3.0 1.330426191E12 61657.255354395
96 10.64475852996111 43.668735260143876 0.0 0.0 1.2510000467300415 1.0 1.330426192E12 61658.281932854
97 10.644757775589824 43.66874653380364 0.0 0.0 1.2510000467300415 1.0 1.330426193E12 61659.339259812
98 10.64475852996111 43.66875659208745 0.0 0.0 1.1884499788284302 359.0 1.330426194E12 61660.26350927
99 10.64475861378014 43.6687694163993 0.0 0.0 1.2510000467300415 358.0 1.330426195E12 61661.266210312
100 10.644759703427553 43.66878094151616 0.0 0.0 1.2510000467300415 358.0 1.330426196E12 61662.29479777
101 10.64475852996111 43.66879280190915 0.0 0.0 1.2510000467300415 358.0 1.330426197E12 61663.326730604
102 10.644756853580475 43.66880604531616 0.0 0.0 1.2510000467300415 359.0 1.330426198E12 61664.226694728
103 10.644755009561777 43.668818827718496 0.0 0.0 1.2510000467300415 359.0 1.330426199E12 61665.269608062
104 10.644753584638238 43.668830981478095 0.0 0.0 1.3135499954223633 359.0 1.3304262E12 61666.321295437
105 10.64475174061954 43.66884166840464 0.0 0.0 1.063349962234497 358.0 1.330426201E12 61667.225444562
106 10.644748471677303 43.668853235431015 0.0 0.0 1.2510000467300415 356.0 1.330426202E12 61668.27916877
107 10.644746040925384 43.668864886276424 0.0 0.0 1.1259000301361084 356.0 1.330426203E12 61669.294701978
108 10.64474486745894 43.668876620940864 0.0 0.0 1.2510000467300415 357.0 1.330426204E12 61670.298719936
109 10.644742771983147 43.66888852324337 0.0 0.0 1.1259000301361084 356.0 1.330426205E12 61671.238777437
110 10.644741682335734 43.668900760822 0.0 0.0 1.1884499788284302 357.0 1.330426206E12 61672.302313354
111 10.644739419221878 43.668911824934185 0.0 0.0 1.1884499788284302 355.0 1.330426207E12 61673.346861229
112 10.64473707228899 43.668922050856054 0.0 0.0 1.1884499788284302 354.0 1.330426208E12 61674.232891436
113 10.64473564736545 43.66893345024437 0.0 0.0 1.3135499954223633 353.0 1.330426209E12 61675.346385937
114 10.644735898822546 43.66894484963268 0.0 0.0 1.3135499954223633 355.0 1.33042621E12 61676.221145895
115 10.64473363570869 43.668959769420326 0.0 0.0 1.3135499954223633 356.0 1.330426211E12 61677.232471687
116 10.644731959328055 43.66897401865572 0.0 0.0 1.376099944114685 356.0 1.330426212E12 61678.292778811
117 10.644729444757104 43.668985376134515 0.0 0.0 1.2510000467300415 356.0 1.330426213E12 61679.300823437
118 10.64472684636712 43.66899627260864 0.0 0.0 1.1884499788284302 357.0 1.330426214E12 61680.235671395
119 10.644723828881979 43.66900645662099 0.0 0.0 1.1259000301361084 356.0 1.330426215E12 61681.275966104
120 10.64472290687263 43.66901777219027 0.0 0.0 1.2510000467300415 359.0 1.330426216E12 61682.296996895
121 10.644720895215869 43.669031099416316 0.0 0.0 1.2510000467300415 356.0 1.330426217E12 61683.311410729
122 10.644718799740076 43.669042834080756 0.0 0.0 1.1884499788284302 357.0 1.330426218E12 61684.339370895
123 10.644716620445251 43.66905502974987 0.0 0.0 1.1259000301361084 355.0 1.330426219E12 61685.217713104
124 10.644712094217539 43.66906957235187 0.0 0.0 1.2510000467300415 356.0 1.33042622E12 61686.244858228
125 10.644709076732397 43.66908369585872 0.0 0.0 1.2510000467300415 358.0 1.330426221E12 61687.254535812
126 10.644705472514033 43.66909735836089 0.0 0.0 1.1884499788284302 358.0 1.330426222E12 61688.303258895
127 10.644702957943082 43.6691087577492 0.0 0.0 1.2510000467300415 357.0 1.330426223E12 61689.247757812
128 10.644701533019543 43.66912049241364 0.0 0.0 1.1259000301361084 357.0 1.330426224E12 61690.312191104
129 10.644701952114701 43.66913235280663 0.0 0.0 1.1884499788284302 357.0 1.330426225E12 61691.24293577
130 10.644700527191162 43.66914505138993 0.0 0.0 1.2510000467300415 358.0 1.330426226E12 61692.234068562
131 10.644701030105352 43.66915435530245 0.0 0.0 1.1259000301361084 358.0 1.330426227E12 61693.271771644
132 10.64470044337213 43.669164036400616 0.0 0.0 1.1884499788284302 357.0 1.330426228E12 61694.28312077
133 10.644699353724718 43.66917551960796 0.0 0.0 1.3135499954223633 357.0 1.330426229E12 61695.236323229
134 10.644698683172464 43.669187631458044 0.0 0.0 1.376099944114685 356.0 1.33042623E12 61696.247781354
135 10.64469893462956 43.66919789928943 0.0 0.0 1.2510000467300415 356.0 1.330426231E12 61697.294361895
136 10.644699102267623 43.669208376668394 0.0 0.0 1.1884499788284302 356.0 1.330426232E12 61698.293323062
137 10.644698766991496 43.66921780630946 0.0 0.0 1.1259000301361084 357.0 1.330426233E12 61699.234785562
138 10.644699186086655 43.669228199869394 0.0 0.0 1.2510000467300415 359.0 1.330426234E12 61700.245984479
139 10.644699772819877 43.669237587600946 0.0 0.0 1.063349962234497 358.0 1.330426235E12 61701.276509979
140 10.644699856638908 43.66924714297056 0.0 0.0 1.063349962234497 359.0 1.330426236E12 61702.352357229
141 10.64470044337213 43.6692591290921 0.0 0.0 1.2510000467300415 359.0 1.330426237E12 61703.226774895
142 10.644701449200511 43.669271492399275 0.0 0.0 1.2510000467300415 0.0 1.330426238E12 61704.308186895
143 10.64470287412405 43.669283729977906 0.0 0.0 1.1884499788284302 0.0 1.330426239E12 61705.374808437
144 10.644704215228558 43.66929542273283 0.0 0.0 1.1884499788284302 359.0 1.33042624E12 61706.225341854
145 10.644704550504684 43.6693064449355 0.0 0.0 1.2510000467300415 358.0 1.330426241E12 61707.261710437
146 10.64470580779016 43.66931746713817 0.0 0.0 1.3135499954223633 1.0 1.330426242E12 61708.327603104
147 10.64470874145627 43.669326729141176 0.0 0.0 1.2510000467300415 2.0 1.330426243E12 61709.247466229
148 10.644710250198841 43.6693368293345 0.0 0.0 1.1884499788284302 1.0 1.330426244E12 61710.246585895
149 10.644710417836905 43.6693471390754 0.0 0.0 1.2510000467300415 359.0 1.330426245E12 61711.305603187
150 10.644709579646587 43.6693582450971 0.0 0.0 1.1884499788284302 359.0 1.330426246E12 61712.243601937
151 10.644709495827556 43.66936884820461 0.0 0.0 1.1884499788284302 359.0 1.330426247E12 61713.24963127
152 10.644709663465619 43.669382594525814 0.0 0.0 0.9382500052452087 358.0 1.330426249E12 61715.394163853
153 10.644710836932063 43.66939692758024 0.0 0.0 1.0008000135421753 358.0 1.330426251E12 61717.273854603
154 10.644711339846253 43.66940774023533 0.0 0.0 1.063349962234497 359.0 1.330426252E12 61718.305408562
155 10.644711926579475 43.6694171698764 0.0 0.0 0.9382500052452087 359.0 1.330426253E12 61719.307712895
156 10.64471217803657 43.66943041328341 0.0 0.0 1.1259000301361084 359.0 1.330426254E12 61720.251367062
157 10.644710585474968 43.66944487206638 0.0 0.0 1.2510000467300415 357.0 1.330426255E12 61721.227210187
158 10.644707567989826 43.669458366930485 0.0 0.0 1.3135499954223633 353.0 1.330426256E12 61722.24330852
159 10.644703796133399 43.66947190370411 0.0 0.0 1.376099944114685 352.0 1.330426257E12 61723.305699479
160 10.644700611010194 43.669485189020634 0.0 0.0 1.3135499954223633 349.0 1.330426258E12 61724.342165895
161 10.644694659858942 43.6694998992607 0.0 0.0 1.2510000467300415 348.0 1.330426259E12 61725.239945228
162 10.644691474735737 43.669513394124806 0.0 0.0 1.2510000467300415 347.0 1.33042626E12 61726.263441937
163 10.644688876345754 43.66952550597489 0.0 0.0 1.1259000301361084 347.0 1.330426261E12 61727.312292354
164 10.644683931022882 43.66953996475786 0.0 0.0 1.1259000301361084 344.0 1.330426262E12 61728.32250877
165 10.644678650423884 43.66955161560327 0.0 0.0 1.0008000135421753 343.0 1.330426263E12 61729.230369312
166 10.644674459472299 43.669562763534486 0.0 0.0 1.063349962234497 342.0 1.330426264E12 61730.284703437
167 10.64467010088265 43.6695741629228 0.0 0.0 1.1259000301361084 342.0 1.330426265E12 61731.306884562
168 10.644665071740746 43.6695860652253 0.0 0.0 1.1884499788284302 341.0 1.330426266E12 61732.325505395
169 10.644659539684653 43.66959779988974 0.0 0.0 1.1884499788284302 340.0 1.330426267E12 61733.234887187
170 10.644652163609862 43.669608905911446 0.0 0.0 1.1884499788284302 336.0 1.330426268E12 61734.303900478
171 10.644643865525723 43.6696180421859 0.0 0.0 1.1884499788284302 332.0 1.330426269E12 61735.237100979
172 10.644634813070297 43.66962696891278 0.0 0.0 1.3135499954223633 333.0 1.33042627E12 61736.230010187
173 10.64462617971003 43.66963690146804 0.0 0.0 1.3135499954223633 331.0 1.330426271E12 61737.245262271
174 10.6446173787117 43.669646456837654 0.0 0.0 1.3135499954223633 329.0 1.330426272E12 61738.279602687
175 10.644609583541751 43.66965395864099 0.0 0.0 1.1884499788284302 326.0 1.330426273E12 61739.398619062
176 10.644600195810199 43.66966267582029 0.0 0.0 1.2510000467300415 324.0 1.330426274E12 61740.25365677
177 10.644590053707361 43.66967139299959 0.0 0.0 1.2510000467300415 322.0 1.330426275E12 61741.335455312
178 10.644580163061619 43.6696793558076 0.0 0.0 1.1259000301361084 319.0 1.330426276E12 61742.234904895
179 10.644569769501686 43.66968719288707 0.0 0.0 1.2510000467300415 320.0 1.330426277E12 61743.260037728
180 10.644556945189834 43.669694317504764 0.0 0.0 1.1884499788284302 316.0 1.330426278E12 61744.31259852
181 10.644544623792171 43.66970031056553 0.0 0.0 1.1884499788284302 314.0 1.330426279E12 61745.354248478
182 10.644532218575478 43.66970751900226 0.0 0.0 1.1884499788284302 314.0 1.33042628E12 61746.273879978
183 10.644519813358784 43.66971380542964 0.0 0.0 1.1884499788284302 312.0 1.330426281E12 61747.289728895
184 10.644506569951773 43.66971937939525 0.0 0.0 1.1884499788284302 309.0 1.330426282E12 61748.325293228
185 10.644493410363793 43.6697242828086 0.0 0.0 1.2510000467300415 305.0 1.330426283E12 61749.241394729
186 10.64447907730937 43.6697287671268 0.0 0.0 1.3135499954223633 302.0 1.330426284E12 61750.248479354
187 10.644465582445264 43.66973308380693 0.0 0.0 1.2510000467300415 300.0 1.330426285E12 61751.259986562
188 10.644450997933745 43.66973652038723 0.0 0.0 1.1884499788284302 298.0 1.330426286E12 61752.278512395
189 10.644436664879322 43.66974020842463 0.0 0.0 1.1884499788284302 297.0 1.330426287E12 61753.289532853
190 10.644421745091677 43.6697433097288 0.0 0.0 1.2510000467300415 294.0 1.330426288E12 61754.311215395
191 10.644407495856285 43.66974636912346 0.0 0.0 1.1259000301361084 293.0 1.330426289E12 61755.23373627
192 10.644394000992179 43.669748925603926 0.0 0.0 1.1259000301361084 290.0 1.33042629E12 61756.261715229
193 10.644380422309041 43.669751356355846 0.0 0.0 1.063349962234497 289.0 1.330426291E12 61757.264568103
194 10.644366927444935 43.66975382901728 0.0 0.0 1.063349962234497 289.0 1.330426292E12 61758.299484687
195 10.644353097304702 43.66975655313581 0.0 0.0 1.1259000301361084 287.0 1.330426293E12 61759.32192327
196 10.644339434802532 43.6697589000687 0.0 0.0 1.063349962234497 285.0 1.330426294E12 61760.346307104
197 10.644326023757458 43.66976053453982 0.0 0.0 1.063349962234497 283.0 1.330426295E12 61761.257070729
198 10.644312193617225 43.66976195946336 0.0 0.0 1.063349962234497 282.0 1.330426296E12 61762.276989604
199 10.64429878257215 43.6697633843869 0.0 0.0 1.1259000301361084 281.0 1.330426297E12 61763.315187645
200 10.644284365698695 43.6697641806677 0.0 0.0 1.1259000301361084 278.0 1.330426298E12 61764.24361977
201 10.64426944591105 43.66976434830576 0.0 0.0 1.1259000301361084 275.0 1.330426299E12 61765.257183479
202 10.644255615770817 43.66976439021528 0.0 0.0 1.0008000135421753 273.0 1.3304263E12 61766.300402686
203 10.644241869449615 43.66976439021528 0.0 0.0 1.063349962234497 272.0 1.330426301E12 61767.261340479
204 10.644228039309382 43.669764013029635 0.0 0.0 1.063349962234497 269.0 1.330426302E12 61768.246872895
205 10.644214628264308 43.669764013029635 0.0 0.0 1.063349962234497 268.0 1.330426303E12 61769.248653729
206 10.644200881943107 43.66976355202496 0.0 0.0 1.0008000135421753 267.0 1.330426304E12 61770.291743895
207 10.644188141450286 43.669762588106096 0.0 0.0 0.9382500052452087 265.0 1.330426305E12 61771.330367896
208 10.644174981862307 43.669761079363525 0.0 0.0 0.9382500052452087 264.0 1.330426306E12 61772.243354979
209 10.644161319360137 43.66976070217788 0.0 0.0 1.063349962234497 265.0 1.330426307E12 61773.250803729
210 10.644147070124745 43.66975881624967 0.0 0.0 1.0008000135421753 264.0 1.330426308E12 61774.33435577
211 10.644131563603878 43.66975634358823 0.0 0.0 1.1884499788284302 263.0 1.330426309E12 61775.352611645
212 10.644117901101708 43.66975454147905 0.0 0.0 0.9382500052452087 260.0 1.33042631E12 61776.24341302
213 10.64410432241857 43.6697528231889 0.0 0.0 1.063349962234497 259.0 1.330426311E12 61777.244831603
214 10.644088312983513 43.669748338870704 0.0 0.0 1.1884499788284302 257.0 1.330426312E12 61778.290608478
215 10.644074147567153 43.66974364500493 0.0 0.0 1.063349962234497 253.0 1.330426313E12 61779.23939777
216 10.644059060141444 43.6697380291298 0.0 0.0 1.063349962234497 252.0 1.330426314E12 61780.27273277
217 10.644044475629926 43.66973358672112 0.0 0.0 1.0008000135421753 251.0 1.330426315E12 61781.292413729
218 10.644030394032598 43.66972855757922 0.0 0.0 1.1259000301361084 249.0 1.330426316E12 61782.27029052
219 10.644019078463316 43.66972310934216 0.0 0.0 1.0008000135421753 245.0 1.330426317E12 61783.29358652
220 10.644006421789527 43.6697192536667 0.0 0.0 1.0008000135421753 246.0 1.330426318E12 61784.248443103
221 10.643993094563484 43.669713428243995 0.0 0.0 1.0008000135421753 245.0 1.330426319E12 61785.233144812
222 10.64398119226098 43.66970659699291 0.0 0.0 1.0008000135421753 241.0 1.33042632E12 61786.288375854
223 10.643968619406223 43.669697586447 0.0 0.0 1.1259000301361084 236.0 1.330426321E12 61787.32237952
224 10.643956884741783 43.669688953086734 0.0 0.0 1.063349962234497 234.0 1.330426322E12 61788.333898562
225 10.643945569172502 43.66968078073114 0.0 0.0 1.063349962234497 233.0 1.330426323E12 61789.25340227
226 10.643933834508061 43.6696727341041 0.0 0.0 1.1884499788284302 232.0 1.330426324E12 61790.290897228
227 10.643922267481685 43.6696640169248 0.0 0.0 1.1884499788284302 229.0 1.330426325E12 61791.343224604
228 10.643912376835942 43.66965286899358 0.0 0.0 1.3135499954223633 223.0 1.330426326E12 61792.24667102
229 10.643902234733105 43.66964377462864 0.0 0.0 1.3135499954223633 219.0 1.330426327E12 61793.271387479
230 10.643892847001553 43.66963493172079 0.0 0.0 1.1884499788284302 218.0 1.330426328E12 61794.309180228
231 10.643882201984525 43.66962504107505 0.0 0.0 1.1259000301361084 217.0 1.330426329E12 61795.33372227
232 10.643869964405894 43.66961523424834 0.0 0.0 1.3135499954223633 216.0 1.33042633E12 61796.250368145
233 10.643858145922422 43.66960492450744 0.0 0.0 1.3135499954223633 215.0 1.330426331E12 61797.303994145
234 10.643849512562156 43.669595243409276 0.0 0.0 1.1259000301361084 212.0 1.330426332E12 61798.330404312
235 10.643840879201889 43.66958438884467 0.0 0.0 1.1259000301361084 211.0 1.330426333E12 61799.236869104
236 10.64383459277451 43.669574204832315 0.0 0.0 1.063349962234497 209.0 1.330426334E12 61800.280347812
237 10.643828976899385 43.66956414654851 0.0 0.0 1.1884499788284302 208.0 1.330426335E12 61801.304390895
238 10.643822774291039 43.66955450735986 0.0 0.0 1.063349962234497 208.0 1.330426336E12 61802.358706645
239 10.643818248063326 43.66954474244267 0.0 0.0 1.1259000301361084 204.0 1.330426337E12 61803.251781729
240 10.643814224749804 43.66953388787806 0.0 0.0 1.2510000467300415 201.0 1.330426338E12 61804.257921895
241 10.643808608874679 43.669523159042 0.0 0.0 1.2510000467300415 202.0 1.330426339E12 61805.295900146
242 10.643801903352141 43.66951243020594 0.0 0.0 1.2510000467300415 203.0 1.33042634E12 61806.315690479
243 10.643795700743794 43.66950178518891 0.0 0.0 1.1884499788284302 202.0 1.330426341E12 61807.282535437
244 10.643790252506733 43.66949210409075 0.0 0.0 1.1884499788284302 201.0 1.330426342E12 61808.270133187
245 10.643785307183862 43.66948229726404 0.0 0.0 1.1884499788284302 199.0 1.330426343E12 61809.275501228
246 10.643781451508403 43.669471526518464 0.0 0.0 1.1884499788284302 195.0 1.330426344E12 61810.317159479
247 10.643777679651976 43.66946075577289 0.0 0.0 1.1884499788284302 193.0 1.330426345E12 61811.325047812
248 10.643773404881358 43.669448853470385 0.0 0.0 1.2510000467300415 192.0 1.330426346E12 61812.353695687
249 10.64376862719655 43.66943745408207 0.0 0.0 1.2510000467300415 192.0 1.330426347E12 61813.266467145
250 10.643766280263662 43.669428108260036 0.0 0.0 1.1259000301361084 189.0 1.330426348E12 61814.31796052
251 10.643765525892377 43.66941867861897 0.0 0.0 0.9382500052452087 186.0 1.330426349E12 61815.253122812
252 10.64376762136817 43.669409709982574 0.0 0.0 0.9382500052452087 182.0 1.33042635E12 61816.275250353
253 10.643769968301058 43.66940002888441 0.0 0.0 1.0008000135421753 180.0 1.330426351E12 61817.292839395
254 10.643773153424263 43.66938766557723 0.0 0.0 1.1884499788284302 178.0 1.330426352E12 61818.349395145
255 10.643774829804897 43.66937475744635 0.0 0.0 1.1259000301361084 178.0 1.330426353E12 61819.251076269
256 10.643777009099722 43.66936281323433 0.0 0.0 1.1884499788284302 177.0 1.330426354E12 61820.304514895
257 10.64378036186099 43.669352335855365 0.0 0.0 1.063349962234497 177.0 1.330426355E12 61821.274168853
258 10.643780110403895 43.66934152320027 0.0 0.0 1.1259000301361084 178.0 1.330426356E12 61822.256239312
259 10.643778266385198 43.66933125536889 0.0 0.0 1.063349962234497 179.0 1.330426357E12 61823.28454127
260 10.643777176737785 43.66932140663266 0.0 0.0 1.1259000301361084 178.0 1.330426358E12 61824.216285479
261 10.643776506185532 43.66931122262031 0.0 0.0 1.1259000301361084 177.0 1.330426359E12 61825.260332812
262 10.64377591945231 43.66930099669844 0.0 0.0 1.1259000301361084 177.0 1.33042636E12 61826.310552146
263 10.643775081261992 43.66929026786238 0.0 0.0 1.1884499788284302 177.0 1.330426361E12 61827.224382687
264 10.643774326890707 43.66927911993116 0.0 0.0 1.3135499954223633 179.0 1.330426362E12 61828.254844353
265 10.643773740157485 43.66926809772849 0.0 0.0 1.1884499788284302 178.0 1.330426363E12 61829.272552103
266 10.643774662166834 43.66925770416856 0.0 0.0 1.1259000301361084 177.0 1.330426364E12 61830.292136562
267 10.643774745985866 43.669246514327824 0.0 0.0 1.1259000301361084 178.0 1.330426365E12 61831.296717645
268 10.643777092918754 43.669235785491765 0.0 0.0 1.1259000301361084 179.0 1.330426366E12 61832.25054502
269 10.643778434023261 43.669224847108126 0.0 0.0 1.1259000301361084 178.0 1.330426367E12 61833.238122437
270 10.6437764223665 43.66921550128609 0.0 0.0 1.1884499788284302 182.0 1.330426368E12 61834.266310019
271 10.643774326890707 43.66920456290245 0.0 0.0 1.1259000301361084 181.0 1.330426369E12 61835.30904827
272 10.64377541653812 43.669194085523486 0.0 0.0 1.1259000301361084 180.0 1.33042637E12 61836.243109395
273 10.643776590004563 43.66918411105871 0.0 0.0 1.1884499788284302 179.0 1.330426371E12 61837.29735777
274 10.643777763471007 43.669174765236676 0.0 0.0 1.063349962234497 179.0 1.330426372E12 61838.363409853
275 10.643781451508403 43.66916508413851 0.0 0.0 1.1259000301361084 174.0 1.330426373E12 61839.278285895
276 10.643784133717418 43.66915431339294 0.0 0.0 1.1884499788284302 175.0 1.330426374E12 61840.302436604
277 10.643788324669003 43.6691433750093 0.0 0.0 1.1884499788284302 172.0 1.330426375E12 61841.264168145
278 10.643791006878018 43.66913314908743 0.0 0.0 1.063349962234497 172.0 1.330426376E12 61842.258228145
279 10.643793940544128 43.66912325844169 0.0 0.0 1.063349962234497 172.0 1.330426377E12 61843.307753354
280 10.64379452727735 43.66911307442933 0.0 0.0 1.1259000301361084 174.0 1.330426378E12 61844.23441952
281 10.643793940544128 43.66910180076957 0.0 0.0 1.1884499788284302 176.0 1.330426379E12 61845.260114478
282 10.643795114010572 43.66909056901932 0.0 0.0 1.063349962234497 174.0 1.33042638E12 61846.28671202
283 10.643797209486365 43.66907963063568 0.0 0.0 1.1259000301361084 171.0 1.330426381E12 61847.315637687
284 10.643799724057317 43.66906789597124 0.0 0.0 1.1884499788284302 170.0 1.330426382E12 61848.262889145
285 10.643802741542459 43.669054484926164 0.0 0.0 1.376099944114685 169.0 1.330426383E12 61849.32704802
286 10.643800729885697 43.66904363036156 0.0 0.0 1.1884499788284302 172.0 1.330426384E12 61850.399164937
287 10.643800729885697 43.66903218906373 0.0 0.0 1.063349962234497 175.0 1.330426385E12 61851.222446145
288 10.643799221143126 43.66902284324169 0.0 0.0 1.0008000135421753 178.0 1.330426386E12 61852.263978895
289 10.643802573904395 43.66899966727942 0.0 0.0 1.4386500120162964 178.0 1.330426388E12 61854.24333552
290 10.643800059333444 43.66898868698627 0.0 0.0 1.3135499954223633 180.0 1.330426389E12 61855.253670104
291 10.643798550590873 43.66896991152316 0.0 0.0 1.1884499788284302 180.0 1.330426391E12 61857.462289354
292 10.643798047676682 43.66895893123001 0.0 0.0 1.1259000301361084 177.0 1.330426392E12 61858.243598479
293 10.643800143152475 43.668949250131845 0.0 0.0 1.1259000301361084 174.0 1.330426393E12 61859.287727645
294 10.64380039460957 43.66893986240029 0.0 0.0 1.1884499788284302 173.0 1.330426394E12 61860.319279978
295 10.643801651895046 43.66893005557358 0.0 0.0 1.376099944114685 174.0 1.330426395E12 61861.349642353
296 10.643801400437951 43.668920709751546 0.0 0.0 1.2510000467300415 173.0 1.330426396E12 61862.234562353
297 10.64380332827568 43.66890951991081 0.0 0.0 1.1884499788284302 173.0 1.330426397E12 61863.265500228
298 10.643805926665664 43.66889761760831 0.0 0.0 1.1884499788284302 172.0 1.330426398E12 61864.291305062
299 10.643806094303727 43.66888659540564 0.0 0.0 1.1259000301361084 173.0 1.330426399E12 61865.331679854
300 10.643803915008903 43.6688764533028 0.0 0.0 1.063349962234497 176.0 1.3304264E12 61866.353735812
301 10.643802573904395 43.66886706557125 0.0 0.0 1.063349962234497 177.0 1.330426401E12 61867.309017187
302 10.643797712400556 43.668858306482434 0.0 0.0 1.063349962234497 179.0 1.330426402E12 61868.271145312
303 10.64379595220089 43.66884233895689 0.0 0.0 1.1259000301361084 176.0 1.330426404E12 61870.364596728
304 10.643794443458319 43.668825449422 0.0 0.0 1.063349962234497 180.0 1.330426406E12 61872.258830228
305 10.643793605268002 43.668816313147545 0.0 0.0 1.063349962234497 177.0 1.330426407E12 61873.304792603
306 10.643792599439621 43.66880696732551 0.0 0.0 1.1884499788284302 178.0 1.330426408E12 61874.351720269
307 10.643790336325765 43.668797705322504 0.0 0.0 1.1259000301361084 180.0 1.330426409E12 61875.340964062
308 10.643789749592543 43.668788275681436 0.0 0.0 1.1259000301361084 179.0 1.33042641E12 61876.341135396
309 10.643789079040289 43.668778762221336 0.0 0.0 1.1259000301361084 178.0 1.330426411E12 61877.276457604
310 10.643788492307067 43.668768871575594 0.0 0.0 1.1259000301361084 177.0 1.330426412E12 61878.290373396
311 10.643788073211908 43.668759148567915 0.0 0.0 1.1259000301361084 176.0 1.330426413E12 61879.338385062
312 10.643787570297718 43.66874971892685 0.0 0.0 1.063349962234497 176.0 1.330426414E12 61880.359705561
313 10.643788240849972 43.66874020546675 0.0 0.0 1.1259000301361084 176.0 1.330426415E12 61881.270775645
314 10.643784971907735 43.668726459145546 0.0 0.0 0.8131499886512756 185.0 1.330426417E12 61883.298847437
315 10.643784049898386 43.66871631704271 0.0 0.0 0.9382500052452087 185.0 1.330426418E12 61884.317081354
316 10.643783630803227 43.66870621684939 0.0 0.0 1.0008000135421753 185.0 1.330426419E12 61885.253436979
317 10.643782457336783 43.668696410022676 0.0 0.0 1.063349962234497 183.0 1.33042642E12 61886.242819396
318 10.64378279261291 43.66868597455323 0.0 0.0 1.0008000135421753 181.0 1.330426421E12 61887.254333228
319 10.643784804269671 43.66867675445974 0.0 0.0 0.9382500052452087 178.0 1.330426422E12 61888.27844552
