mixture coefficients
0.297880044769241 0.274869971690039 0.427249983540720
0.733733658784947 0.206487069288249 0.0597792719268033
0.323904459835588 0.337885947310506 0.338209592853906
0.477237326536392 0.110574199943359 0.412188473520249

mu
-175.1730 -160.2688
-168.2 4.2901
-76.1 -7115.3
-18.5047 -73.6760
-75.4 -1253.3
-35.2 3308.8
-274.3372 -271.8615
-369.8 -4677
-134.4 8801.4
354.8659 -418.7763
254.1 -5129
324.1 2073.6

sigma
18200 46100
46100 2857400
7400 -18300
-18300 2222300
27000 -54000
-54000 5227900
470 1980
1980 111510
1620 12300
12300 237560
1500 -25200
7400 2234500
-25200 -55400
-55400 3735600
18100 88800
88800 2026000
53900 49900
49900 7646800
9120 15090
15090 724490
1870 4710
4710 311760
12100 -48100
-48100 2093500