2 10.64382671378553 43.66856162901968 0.0 0.0 1.1259000301361084 271.0 1.330430582E12 273.112068669
3 10.643836352974176 43.66855106782168 0.0 0.0 1.1884499788284302 231.0 1.330430583E12 274.114457211
4 10.643844399601221 43.66854163818061 0.0 0.0 1.1884499788284302 205.0 1.330430584E12 275.082841086
5 10.643839789554477 43.66853250190616 0.0 0.0 0.37530001997947693 192.0 1.330430586E12 277.107218836
6 10.643832413479686 43.668522401712835 0.0 0.0 0.6880499720573425 201.0 1.330430588E12 279.086795253
7 10.643841465935111 43.66851251106709 0.0 0.0 0.7506000399589539 172.0 1.33043059E12 281.238266044
8 10.643853452056646 43.668500944040716 0.0 0.0 0.8756999969482422 159.0 1.330430592E12 283.142226961
9 10.64386585727334 43.66848987992853 0.0 0.0 0.8131499886512756 151.0 1.330430594E12 285.107110836
10 10.643878346309066 43.668479109182954 0.0 0.0 0.8756999969482422 146.0 1.330430596E12 287.056249419
11 10.643892008811235 43.66846762597561 0.0 0.0 0.8131499886512756 144.0 1.330430598E12 289.164559336
12 10.64390298910439 43.66845668759197 0.0 0.0 0.8131499886512756 143.0 1.3304306E12 291.163806961
13 10.643918411806226 43.6684456653893 0.0 0.0 0.8756999969482422 142.0 1.330430602E12 293.073425002
14 10.643935846164823 43.66843472700566 0.0 0.0 0.8756999969482422 134.0 1.330430604E12 295.229665752
15 10.64395328052342 43.66842906922102 0.0 0.0 0.7506000399589539 128.0 1.330430606E12 297.100884419
16 10.643965685740113 43.668428608216345 0.0 0.0 0.8131499886512756 119.0 1.330430607E12 298.039944086
17 10.643982281908393 43.668424165807664 0.0 0.0 1.3135499954223633 117.0 1.330430608E12 299.032494544
18 10.64399334602058 43.66841804701835 0.0 0.0 1.063349962234497 120.0 1.330430609E12 300.046063377
19 10.64400558359921 43.668408994562924 0.0 0.0 1.0008000135421753 124.0 1.33043061E12 301.110882294
20 10.644015641883016 43.66840224713087 0.0 0.0 1.0008000135421753 128.0 1.330430611E12 302.092355086
21 10.644032908603549 43.66838933899999 0.0 0.0 0.9382500052452087 125.0 1.330430613E12 304.215423711
22 10.644051181152463 43.6683801189065 0.0 0.0 0.9382500052452087 121.0 1.330430615E12 306.145780753
23 10.644070878624916 43.66837278474122 0.0 0.0 1.0008000135421753 119.0 1.330430617E12 308.055859919
24 10.644082110375166 43.6683687614277 0.0 0.0 0.8756999969482422 118.0 1.330430618E12 309.110217544
25 10.644100047647953 43.668363858014345 0.0 0.0 0.8756999969482422 116.0 1.33043062E12 311.074843336
26 10.644114883616567 43.668362433090806 0.0 0.0 0.6880499720573425 109.0 1.330430622E12 313.037400711
27 10.644133826717734 43.66835861932486 0.0 0.0 1.0008000135421753 109.0 1.330430624E12 315.070290502
28 10.644155954942107 43.66835568565875 0.0 0.0 0.9382500052452087 106.0 1.330430626E12 317.045413836
29 10.644168527796865 43.66835400927812 0.0 0.0 1.0008000135421753 105.0 1.330430627E12 318.081427794
30 10.644182525575161 43.66835203953087 0.0 0.0 1.0008000135421753 103.0 1.330430628E12 319.107130503
31 10.644195433706045 43.66835094988346 0.0 0.0 1.0008000135421753 100.0 1.330430629E12 320.049504919
32 10.644219238311052 43.66834860295057 0.0 0.0 0.9382500052452087 100.0 1.330430631E12 322.038040586
33 10.64424254000187 43.66834621410817 0.0 0.0 0.8131499886512756 99.0 1.330430633E12 324.065211211
34 10.644264752045274 43.66834428627044 0.0 0.0 0.8756999969482422 98.0 1.330430635E12 326.048377252
35 10.644287383183837 43.66834529209882 0.0 0.0 1.0008000135421753 94.0 1.330430637E12 328.094074002
36 10.64429978840053 43.66834558546543 0.0 0.0 1.0008000135421753 93.0 1.330430638E12 329.133874586
37 10.644315211102366 43.668345334008336 0.0 0.0 1.0008000135421753 91.0 1.330430639E12 330.190085211
38 10.644328873604536 43.66834902204573 0.0 0.0 0.6880499720573425 83.0 1.330430641E12 332.110644378
39 10.64435401931405 43.6683489382267 0.0 0.0 1.063349962234497 84.0 1.330430643E12 334.117906794
40 10.644371705129743 43.668351704254746 0.0 0.0 1.1884499788284302 83.0 1.330430644E12 335.045900711
41 10.644386373460293 43.66835371591151 0.0 0.0 1.1884499788284302 82.0 1.330430645E12 336.062626252
42 10.644398778676987 43.668354051187634 0.0 0.0 1.0008000135421753 82.0 1.330430646E12 337.146866253
43 10.644422499462962 43.66835815832019 0.0 0.0 1.0008000135421753 80.0 1.330430648E12 339.289718919
44 10.644445298239589 43.66836683358997 0.0 0.0 1.0008000135421753 76.0 1.33043065E12 341.022878336
45 10.644463486969471 43.66837492212653 0.0 0.0 0.7506000399589539 74.0 1.330430652E12 343.047797419
46 10.644478322938085 43.66837521549314 0.0 0.0 0.6880499720573425 71.0 1.330430654E12 345.097539336
47 10.644496344029903 43.668381879106164 0.0 0.0 0.7506000399589539 68.0 1.330430656E12 347.044578336
48 10.644515119493008 43.668387746438384 0.0 0.0 0.7506000399589539 69.0 1.330430658E12 349.166207377
49 10.644534481689334 43.66839336231351 0.0 0.0 0.8131499886512756 68.0 1.33043066E12 351.069530211
50 10.64455283805728 43.668401408940554 0.0 0.0 0.8131499886512756 64.0 1.330430662E12 353.197317502
51 10.644573541358113 43.66841067094356 0.0 0.0 0.8756999969482422 60.0 1.330430664E12 355.057223294
52 10.644590388983488 43.66841972339898 0.0 0.0 0.8131499886512756 59.0 1.330430666E12 357.175179127
53 10.644608242437243 43.668431332334876 0.0 0.0 0.8756999969482422 55.0 1.330430668E12 359.362744295
54 10.644616289064288 43.668438917957246 0.0 0.0 0.8756999969482422 49.0 1.330430669E12 360.036934045
55 10.64463204704225 43.668452496640384 0.0 0.0 0.9382500052452087 51.0 1.330430671E12 362.023037503
56 10.644648559391499 43.66846569813788 0.0 0.0 1.1259000301361084 50.0 1.330430673E12 364.258705003
57 10.644663646817207 43.668475043959916 0.0 0.0 0.7506000399589539 47.0 1.330430675E12 366.122218378
58 10.644677560776472 43.668485479429364 0.0 0.0 0.7506000399589539 45.0 1.330430677E12 368.046906837
59 10.644684098660946 43.66849511861801 0.0 0.0 0.8756999969482422 44.0 1.330430678E12 369.042466503
60 10.644694911316037 43.66850555408746 0.0 0.0 0.8756999969482422 43.0 1.33043068E12 371.157488378
61 10.64470136538148 43.66851343307644 0.0 0.0 0.9382500052452087 41.0 1.330430681E12 372.350963253
62 10.644711088389158 43.66852931678295 0.0 0.0 0.9382500052452087 35.0 1.330430683E12 374.036640003
63 10.64472240395844 43.66854842752218 0.0 0.0 1.1259000301361084 31.0 1.330430685E12 376.162954336
64 10.644728355109692 43.66855865344405 0.0 0.0 1.0008000135421753 29.0 1.330430686E12 377.342165878
65 10.644735898822546 43.66857244167477 0.0 0.0 0.9382500052452087 27.0 1.330430688E12 379.144036878
66 10.644739083945751 43.66858317051083 0.0 0.0 0.7506000399589539 23.0 1.33043069E12 381.092068587
67 10.644744783639908 43.668595952913165 0.0 0.0 0.8756999969482422 23.0 1.330430693E12 384.043022169
68 10.644749058410525 43.66861120797694 0.0 0.0 0.9382500052452087 21.0 1.330430695E12 386.194678836
69 10.644752914085984 43.668627217411995 0.0 0.0 0.8131499886512756 15.0 1.330430697E12 388.072897169
70 10.644754255190492 43.66864079609513 0.0 0.0 0.8131499886512756 11.0 1.330430699E12 390.012348127
71 10.644756518304348 43.668657056987286 0.0 0.0 0.8756999969482422 8.0 1.330430701E12 392.124292002
72 10.64475852996111 43.66867155767977 0.0 0.0 0.8131499886512756 11.0 1.330430703E12 394.028197586
73 10.64475852996111 43.66868706420064 0.0 0.0 0.6880499720573425 6.0 1.330430705E12 396.024589794
74 10.64475953578949 43.66870160680264 0.0 0.0 0.8756999969482422 4.0 1.330430707E12 398.162128544
75 10.644757356494665 43.668717574328184 0.0 0.0 0.8131499886512756 0.0 1.330430709E12 400.059924502
76 10.64475852996111 43.66873358376324 0.0 0.0 0.7506000399589539 0.0 1.330430711E12 402.030738753
77 10.6447590328753 43.668742845766246 0.0 0.0 0.9382500052452087 0.0 1.330430712E12 403.026628753
78 10.644758027046919 43.66875931620598 0.0 0.0 0.8131499886512756 1.0 1.330430714E12 405.164513169
79 10.644757021218538 43.668775032274425 0.0 0.0 0.8756999969482422 0.0 1.330430716E12 407.086360794
80 10.644755596295 43.66879208944738 0.0 0.0 0.8756999969482422 359.0 1.330430718E12 409.032533294
81 10.644755344837904 43.66880910471082 0.0 0.0 0.9382500052452087 0.0 1.33043072E12 411.088892002
82 10.64475417137146 43.66881815716624 0.0 0.0 0.8131499886512756 359.0 1.330430721E12 412.131852753
83 10.644754422828555 43.66883517242968 0.0 0.0 0.8756999969482422 2.0 1.330430723E12 414.054296002
84 10.64475517719984 43.66884489543736 0.0 0.0 0.9382500052452087 2.0 1.330430724E12 415.108326752
85 10.644753081724048 43.668862455524504 0.0 0.0 0.8756999969482422 358.0 1.330430726E12 417.106434586
86 10.64475568011403 43.6688780458644 0.0 0.0 0.7506000399589539 3.0 1.330430728E12 419.036308086
87 10.644753752276301 43.66889506112784 0.0 0.0 0.8131499886512756 1.0 1.33043073E12 421.163402919
88 10.644754087552428 43.66890411358327 0.0 0.0 0.8131499886512756 4.0 1.330430731E12 422.056804669
89 10.644754003733397 43.668919620104134 0.0 0.0 0.8131499886512756 1.0 1.330430733E12 424.107484002
90 10.644753500819206 43.66893541999161 0.0 0.0 0.9382500052452087 4.0 1.330430735E12 426.035235169
91 10.644751992076635 43.6689523095265 0.0 0.0 0.8131499886512756 359.0 1.330430737E12 428.176705669
92 10.644747717306018 43.66896932478994 0.0 0.0 0.8756999969482422 357.0 1.330430739E12 430.068577211
93 10.64474486745894 43.66897867061198 0.0 0.0 0.9382500052452087 354.0 1.33043074E12 431.152562252
94 10.644740592688322 43.66898755542934 0.0 0.0 0.9382500052452087 351.0 1.330430741E12 432.058422377
95 10.644733384251595 43.66899556014687 0.0 0.0 0.9382500052452087 346.0 1.330430742E12 433.059760211
96 10.644733384251595 43.669014209881425 0.0 0.0 0.9382500052452087 358.0 1.330430744E12 435.171913503
97 10.644732126966119 43.669024938717484 0.0 0.0 0.9382500052452087 0.0 1.330430745E12 436.146513378
98 10.644730953499675 43.66903558373451 0.0 0.0 0.9382500052452087 2.0 1.330430746E12 437.034395669
99 10.644734054803848 43.66904966533184 0.0 0.0 1.1259000301361084 4.0 1.330430747E12 438.049349377
100 10.644738329574466 43.66906538140029 0.0 0.0 0.8756999969482422 3.0 1.330430749E12 440.199301794
101 10.64473757520318 43.66907787043601 0.0 0.0 0.8756999969482422 0.0 1.330430751E12 442.060807753
102 10.644734473899007 43.669091700576246 0.0 0.0 0.9382500052452087 0.0 1.330430754E12 445.039039211
103 10.644731372594833 43.669104860164225 0.0 0.0 0.7506000399589539 354.0 1.330430756E12 447.075697669
104 10.644726678729057 43.66911621764302 0.0 0.0 0.7506000399589539 352.0 1.330430758E12 449.198472669
105 10.644728941842914 43.66912920959294 0.0 0.0 0.8756999969482422 1.0 1.33043076E12 451.043170627
106 10.644723074510694 43.669142285361886 0.0 0.0 0.9382500052452087 2.0 1.330430762E12 453.078765086
107 10.644718548282981 43.66915611550212 0.0 0.0 0.8756999969482422 3.0 1.330430764E12 455.145269336
108 10.644718632102013 43.669169610366225 0.0 0.0 0.8756999969482422 1.0 1.330430766E12 457.087504961
109 10.644717961549759 43.66918272804469 0.0 0.0 0.7506000399589539 0.0 1.330430768E12 459.376567628
110 10.644716285169125 43.66919831838459 0.0 0.0 0.9382500052452087 3.0 1.33043077E12 461.036695878
111 10.644705221056938 43.66921223234385 0.0 0.0 0.7506000399589539 358.0 1.330430772E12 463.181817419
112 10.644698180258274 43.66922866087407 0.0 0.0 0.8131499886512756 356.0 1.330430774E12 465.092389586
113 10.64469214528799 43.6692432872951 0.0 0.0 0.8756999969482422 357.0 1.330430776E12 467.034431919
114 10.644694827497005 43.66925787180662 0.0 0.0 0.8756999969482422 1.0 1.330430778E12 469.052849294
115 10.644694156944752 43.66927237249911 0.0 0.0 0.8131499886512756 0.0 1.33043078E12 471.179875169
116 10.644698180258274 43.66928976494819 0.0 0.0 0.8131499886512756 3.0 1.330430782E12 473.047543919
117 10.644695833325386 43.669305900111794 0.0 0.0 0.7506000399589539 359.0 1.330430784E12 475.158623544
118 10.6446950789541 43.669322999194264 0.0 0.0 0.8756999969482422 1.0 1.330430786E12 477.075986336
119 10.644695665687323 43.66934047546238 0.0 0.0 0.8756999969482422 1.0 1.330430788E12 479.125810169
120 10.64469700679183 43.66935003083199 0.0 0.0 0.9382500052452087 3.0 1.330430789E12 480.042134086
121 10.644698850810528 43.66935975383967 0.0 0.0 0.9382500052452087 4.0 1.33043079E12 481.052773127
122 10.644699353724718 43.66937274578959 0.0 0.0 0.6255000233650208 0.0 1.330430792E12 483.069343711
123 10.644698850810528 43.66938737221062 0.0 0.0 0.7506000399589539 355.0 1.330430794E12 485.212312336
124 10.644702790305018 43.669396257027984 0.0 0.0 0.6880499720573425 358.0 1.330430795E12 486.148042502
125 10.644707065075636 43.66940577048808 0.0 0.0 0.9382500052452087 2.0 1.330430796E12 487.053687044
126 10.64470924437046 43.669415074400604 0.0 0.0 0.9382500052452087 4.0 1.330430797E12 488.083722627
127 10.64471310004592 43.66942412685603 0.0 0.0 0.8756999969482422 9.0 1.330430798E12 489.135297752
128 10.644718548282981 43.66944139357656 0.0 0.0 1.0008000135421753 11.0 1.3304308E12 491.035548503
129 10.644722068682313 43.669452499598265 0.0 0.0 1.0008000135421753 10.0 1.330430801E12 492.065760252
130 10.644720224663615 43.66946188732982 0.0 0.0 0.8131499886512756 5.0 1.330430802E12 493.095682628
131 10.644718129187822 43.669479112140834 0.0 0.0 0.8756999969482422 356.0 1.330430804E12 495.023781461
132 10.644717710092664 43.66948887705803 0.0 0.0 0.8756999969482422 357.0 1.330430805E12 496.067682836
133 10.644717123359442 43.669498222880065 0.0 0.0 0.8131499886512756 356.0 1.330430806E12 497.104073794
134 10.644711507484317 43.669515238143504 0.0 0.0 0.7506000399589539 352.0 1.330430808E12 499.055725252
135 10.644706143066287 43.66952345240861 0.0 0.0 0.8756999969482422 347.0 1.330430809E12 500.074306002
136 10.644696755334735 43.66953845601529 0.0 0.0 0.8131499886512756 344.0 1.330430811E12 502.035290544
137 10.644686445593834 43.66955320816487 0.0 0.0 0.8756999969482422 342.0 1.330430813E12 504.144550252
138 10.64468183554709 43.6695620091632 0.0 0.0 1.0008000135421753 342.0 1.330430814E12 505.168123586
139 10.644670771434903 43.669574707746506 0.0 0.0 0.8131499886512756 338.0 1.330430816E12 507.133081627
140 10.644656689837575 43.66958925034851 0.0 0.0 0.8756999969482422 335.0 1.330430818E12 509.100102378
141 10.644649229943752 43.6695966264233 0.0 0.0 0.8756999969482422 333.0 1.330430819E12 510.102830502
142 10.644635651260614 43.66960903163999 0.0 0.0 0.9382500052452087 334.0 1.330430821E12 512.123196377
143 10.644620899111032 43.66961800027639 0.0 0.0 0.8131499886512756 329.0 1.330430823E12 514.060226128
144 10.644605895504355 43.66962654981762 0.0 0.0 0.9382500052452087 329.0 1.330430825E12 516.197325294
145 10.644589131698012 43.66963576991111 0.0 0.0 0.8131499886512756 327.0 1.330430827E12 518.040653628
146 10.644574044272304 43.669646750204265 0.0 0.0 0.9382500052452087 324.0 1.330430829E12 520.063199711
147 10.64455778338015 43.669656976126134 0.0 0.0 0.8756999969482422 320.0 1.330430831E12 522.193386086
148 10.644540516659617 43.669667495414615 0.0 0.0 0.9382500052452087 318.0 1.330430833E12 524.142181961
149 10.644523249939084 43.66967793088406 0.0 0.0 0.8756999969482422 316.0 1.330430835E12 526.061734336
150 10.64450598321855 43.66968870162964 0.0 0.0 0.9382500052452087 315.0 1.330430837E12 528.059181836
151 10.644484860822558 43.669696832075715 0.0 0.0 0.8756999969482422 306.0 1.330430839E12 530.214026377
152 10.644464576616883 43.66970538161695 0.0 0.0 0.9382500052452087 306.0 1.330430841E12 532.126736878
153 10.644444627687335 43.669713637791574 0.0 0.0 0.8756999969482422 301.0 1.330430843E12 534.077099836
154 10.644426522776484 43.669721013866365 0.0 0.0 0.8756999969482422 301.0 1.330430845E12 536.050133211
155 10.64440623857081 43.66972742602229 0.0 0.0 0.7506000399589539 295.0 1.330430847E12 538.206847544
156 10.644386289641261 43.669733670540154 0.0 0.0 0.9382500052452087 295.0 1.330430849E12 540.090144461
157 10.644371788948774 43.66974242962897 0.0 0.0 0.7506000399589539 288.0 1.330430851E12 542.035997461
158 10.644350331276655 43.66974729113281 0.0 0.0 0.7506000399589539 288.0 1.330430853E12 544.067581836
159 10.644332394003868 43.66975244600326 0.0 0.0 0.6255000233650208 292.0 1.330430855E12 546.040930544
160 10.64431395381689 43.669757433235645 0.0 0.0 0.8131499886512756 293.0 1.330430857E12 548.186002252
161 10.64429341815412 43.66975852288306 0.0 0.0 0.8131499886512756 285.0 1.330430859E12 550.166687503
162 10.644266847521067 43.66975982207805 0.0 0.0 1.0008000135421753 282.0 1.330430861E12 552.103725127
163 10.644253101199865 43.66975852288306 0.0 0.0 0.8131499886512756 275.0 1.330430862E12 553.152226253
164 10.644240863621235 43.66975575685501 0.0 0.0 0.8131499886512756 270.0 1.330430863E12 554.178650127
165 10.644218567758799 43.669756720773876 0.0 0.0 0.8131499886512756 272.0 1.330430865E12 556.079464127
166 10.64420004375279 43.66975697223097 0.0 0.0 0.6880499720573425 267.0 1.330430867E12 558.045755086
167 10.644180430099368 43.66975831333548 0.0 0.0 0.8131499886512756 266.0 1.330430869E12 560.154472711
168 10.644159726798534 43.66975709795952 0.0 0.0 0.7506000399589539 262.0 1.330430871E12 562.122328377
169 10.644136257469654 43.66975567303598 0.0 0.0 1.0008000135421753 264.0 1.330430873E12 564.044962127
170 10.644120583310723 43.66975060198456 0.0 0.0 0.6255000233650208 254.0 1.330430875E12 566.182102586
171 10.644103148952127 43.66974423173815 0.0 0.0 0.6880499720573425 247.0 1.330430877E12 568.132387669
172 10.644085882231593 43.66973995696753 0.0 0.0 1.0008000135421753 247.0 1.330430878E12 569.181843044
173 10.644070208072662 43.669736394658685 0.0 0.0 1.063349962234497 248.0 1.330430879E12 570.041824711
174 10.644057719036937 43.669732958078384 0.0 0.0 1.063349962234497 247.0 1.33043088E12 571.069179919
175 10.644045984372497 43.66972872521728 0.0 0.0 0.9382500052452087 246.0 1.330430881E12 572.143826336
176 10.644034165889025 43.66972336079925 0.0 0.0 1.0008000135421753 242.0 1.330430882E12 573.045987627
177 10.644006840884686 43.669715146534145 0.0 0.0 1.0008000135421753 244.0 1.330430884E12 575.165288628
178 10.64398555085063 43.66970689035952 0.0 0.0 0.8756999969482422 242.0 1.330430886E12 577.057895377
179 10.643974905833602 43.669702196493745 0.0 0.0 0.9382500052452087 239.0 1.330430887E12 578.130187711
180 10.643960321322083 43.669695323333144 0.0 0.0 0.9382500052452087 238.0 1.330430888E12 579.251990294
181 10.643944311887026 43.66968916263431 0.0 0.0 1.063349962234497 243.0 1.330430889E12 580.183429919
182 10.643929475918412 43.66968291811645 0.0 0.0 0.9382500052452087 237.0 1.33043089E12 581.055448627
183 10.643913550302386 43.66967411711812 0.0 0.0 0.7506000399589539 237.0 1.330430892E12 583.212949002
184 10.643900642171502 43.66966565139592 0.0 0.0 0.8131499886512756 230.0 1.330430894E12 585.159592836
185 10.643887398764491 43.66965509019792 0.0 0.0 0.7506000399589539 228.0 1.330430896E12 587.114109002
186 10.643873400986195 43.66964427754283 0.0 0.0 0.6880499720573425 224.0 1.330430898E12 589.072749002
187 10.643858648836613 43.66963103413582 0.0 0.0 0.6880499720573425 222.0 1.3304309E12 591.097317794
188 10.643843058496714 43.669617916457355 0.0 0.0 0.8756999969482422 220.0 1.330430902E12 593.053769669
189 10.643828054890037 43.66960320621729 0.0 0.0 0.6880499720573425 214.0 1.330430904E12 595.186207544
190 10.643817828968167 43.66959189064801 0.0 0.0 0.7506000399589539 213.0 1.330430906E12 597.059031336
191 10.64380768686533 43.66957831196487 0.0 0.0 0.8756999969482422 212.0 1.330430908E12 599.188124502
192 10.643797125667334 43.669563978910446 0.0 0.0 0.8131499886512756 208.0 1.33043091E12 601.084170627
193 10.64379301853478 43.669550735503435 0.0 0.0 0.8756999969482422 204.0 1.330430912E12 603.105071627
194 10.643785893917084 43.66953740827739 0.0 0.0 0.8756999969482422 205.0 1.330430914E12 605.218836836
195 10.643779942765832 43.669524039141834 0.0 0.0 0.8756999969482422 202.0 1.330430916E12 607.380370836
196 10.643776338547468 43.66950828116387 0.0 0.0 0.9382500052452087 197.0 1.330430918E12 609.042470711
197 10.64377005212009 43.6694938223809 0.0 0.0 0.8131499886512756 197.0 1.33043092E12 611.043104836
198 10.643767789006233 43.669478232041 0.0 0.0 0.8131499886512756 189.0 1.330430922E12 613.144798169
199 10.64376519061625 43.66946268361062 0.0 0.0 0.8131499886512756 190.0 1.330430924E12 615.141030711
200 10.6437608320266 43.66944801528007 0.0 0.0 0.8131499886512756 191.0 1.330430926E12 617.060788794
201 10.643760999664664 43.669433891773224 0.0 0.0 0.7506000399589539 187.0 1.330430928E12 619.055542919
202 10.643759407103062 43.66941926535219 0.0 0.0 0.7506000399589539 186.0 1.33043093E12 621.213143002
203 10.643761418759823 43.669405560940504 0.0 0.0 0.6880499720573425 182.0 1.330430932E12 623.059766252
204 10.643764939159155 43.66939080879092 0.0 0.0 0.6880499720573425 178.0 1.330430934E12 625.076359794
205 10.64376468770206 43.669376014731824 0.0 0.0 0.8131499886512756 179.0 1.330430936E12 627.203734877
206 10.643765525892377 43.66935979574919 0.0 0.0 0.8131499886512756 176.0 1.330430938E12 629.048397836
207 10.643769046291709 43.66935053374618 0.0 0.0 0.8756999969482422 175.0 1.330430939E12 630.109471502
208 10.643774159252644 43.66933439858258 0.0 0.0 0.8131499886512756 171.0 1.330430941E12 632.171602586
209 10.643780026584864 43.66932224482298 0.0 0.0 0.7506000399589539 169.0 1.330430943E12 634.092605294
210 10.643784636631608 43.669309336692095 0.0 0.0 0.6255000233650208 171.0 1.330430945E12 636.236017003
211 10.64378472045064 43.669294877909124 0.0 0.0 0.8131499886512756 175.0 1.330430947E12 638.068342877
212 10.643789246678352 43.66927953902632 0.0 0.0 0.8131499886512756 176.0 1.330430949E12 640.237150253
213 10.643789665773511 43.66925514768809 0.0 0.0 1.1259000301361084 175.0 1.330430951E12 642.140946503
214 10.643786396831274 43.66924391593784 0.0 0.0 1.0008000135421753 179.0 1.330430952E12 643.061769128
215 10.64377935603261 43.66923176217824 0.0 0.0 1.063349962234497 185.0 1.330430953E12 644.068210586
216 10.643775081261992 43.669221410527825 0.0 0.0 1.0008000135421753 186.0 1.330430954E12 645.132423752
217 10.643773740157485 43.669211603701115 0.0 0.0 0.9382500052452087 183.0 1.330430955E12 646.148756836
218 10.643766112625599 43.669195510447025 0.0 0.0 0.8756999969482422 181.0 1.330430957E12 648.088266211
219 10.643761334940791 43.66917899809778 0.0 0.0 0.8131499886512756 183.0 1.330430959E12 650.137523836
220 10.643755132332444 43.66916529368609 0.0 0.0 0.7506000399589539 182.0 1.330430961E12 652.053802294
221 10.643755802884698 43.669154145754874 0.0 0.0 0.6880499720573425 176.0 1.330430963E12 654.211741044
222 10.643756054341793 43.66913872305304 0.0 0.0 0.6880499720573425 176.0 1.330430965E12 656.064450627
223 10.64375295303762 43.669119528494775 0.0 0.0 0.6880499720573425 176.0 1.330430967E12 658.130489336
224 10.643746415153146 43.66910167504102 0.0 0.0 0.9382500052452087 179.0 1.330430968E12 659.157998169
225 10.643744822591543 43.66909195203334 0.0 0.0 0.9382500052452087 180.0 1.330430969E12 660.064596586
226 10.643747420981526 43.66908030118793 0.0 0.0 0.7506000399589539 179.0 1.330430971E12 662.053073127
227 10.643745828419924 43.66906655486673 0.0 0.0 0.8131499886512756 178.0 1.330430973E12 664.207995252
228 10.643753204494715 43.66904895287007 0.0 0.0 0.8131499886512756 172.0 1.330430975E12 666.043427711
229 10.643761167302728 43.669031602330506 0.0 0.0 0.9382500052452087 172.0 1.330430977E12 668.185045878
230 10.643764100968838 43.66902204696089 0.0 0.0 0.8756999969482422 172.0 1.330430978E12 669.128704502
231 10.643768711015582 43.66901332978159 0.0 0.0 0.7506000399589539 171.0 1.330430979E12 670.154296377
232 10.643770135939121 43.66899597924203 0.0 0.0 0.8131499886512756 176.0 1.330430981E12 672.109876877
233 10.643771812319756 43.66897837724537 0.0 0.0 0.6880499720573425 178.0 1.330430983E12 674.062699502
234 10.643771141767502 43.66895872168243 0.0 0.0 0.8756999969482422 180.0 1.330430985E12 676.178602919
235 10.643773404881358 43.66894811857492 0.0 0.0 0.8131499886512756 177.0 1.330430986E12 677.151599336
236 10.643775667995214 43.6689385632053 0.0 0.0 0.8131499886512756 175.0 1.330430987E12 678.067387836
237 10.643774745985866 43.668928421102464 0.0 0.0 0.8756999969482422 176.0 1.330430988E12 679.083809211
238 10.643773572519422 43.668916770257056 0.0 0.0 0.8756999969482422 177.0 1.330430989E12 680.128823461
239 10.643773404881358 43.66890570614487 0.0 0.0 0.8756999969482422 176.0 1.33043099E12 681.151887628
240 10.643774075433612 43.66889564786106 0.0 0.0 0.8756999969482422 176.0 1.330430991E12 682.066458211
241 10.643772399052978 43.66887787822634 0.0 0.0 0.8756999969482422 179.0 1.330430993E12 684.088259086
242 10.64377591945231 43.66886241361499 0.0 0.0 0.9382500052452087 174.0 1.330430995E12 686.241172586
243 10.643776338547468 43.66884703282267 0.0 0.0 0.8756999969482422 177.0 1.330430997E12 688.091951503
244 10.643779942765832 43.668832406401634 0.0 0.0 0.8756999969482422 173.0 1.330430999E12 690.073976044
245 10.643778936937451 43.66881694179028 0.0 0.0 0.8756999969482422 174.0 1.330431001E12 692.231196252
246 10.643781535327435 43.66880105808377 0.0 0.0 0.9382500052452087 171.0 1.330431003E12 694.099400127
247 10.64378379844129 43.6687868507579 0.0 0.0 0.7506000399589539 172.0 1.330431005E12 696.055261628
248 10.643787989392877 43.66877557709813 0.0 0.0 0.6880499720573425 163.0 1.330431007E12 698.173161211
249 10.64379595220089 43.66876476444304 0.0 0.0 0.6880499720573425 152.0 1.330431009E12 700.099372211
250 10.643803663551807 43.66875604726374 0.0 0.0 1.0008000135421753 152.0 1.33043101E12 701.133404752
251 10.643809279426932 43.66874703671783 0.0 0.0 1.1259000301361084 152.0 1.330431011E12 702.189959627
252 10.643814979121089 43.66873785853386 0.0 0.0 1.1259000301361084 153.0 1.330431012E12 703.052467377
253 10.643822941929102 43.6687202565372 0.0 0.0 1.1259000301361084 156.0 1.330431014E12 705.091891336
254 10.643826546147466 43.66871061734855 0.0 0.0 1.1259000301361084 158.0 1.330431015E12 706.061403253
255 10.643825456500053 43.66869452409446 0.0 0.0 0.8131499886512756 166.0 1.330431017E12 708.055979336
256 10.643829731270671 43.668679310940206 0.0 0.0 0.7506000399589539 165.0 1.330431019E12 710.115991003
257 10.643835933879018 43.66866975557059 0.0 0.0 0.0 133.0 1.330431023E12 714.048432794
