2 10.643822271376848 43.668690668419 0.0 0.0 0.4378499984741211 186.0 1.330592544E12 49936.300869039
3 10.643799221143126 43.66869129706174 0.0 0.0 0.4378499984741211 221.0 1.330592551E12 49943.224857123
4 10.643795533105731 43.66867910139263 0.0 0.0 0.8131499886512756 199.0 1.330592553E12 49945.137417915
5 10.643796538934112 43.668666779994965 0.0 0.0 0.8131499886512756 189.0 1.330592555E12 49947.262588415
6 10.643800310790539 43.668649387545884 0.0 0.0 0.9382500052452087 185.0 1.330592557E12 49949.188571873
7 10.643799137324095 43.66863564122468 0.0 0.0 0.6880499720573425 186.0 1.330592559E12 49951.185171956
8 10.643802657723427 43.66861979942769 0.0 0.0 0.6255000233650208 185.0 1.330592561E12 49953.192260331
9 10.643802070990205 43.66860886104405 0.0 0.0 0.8131499886512756 181.0 1.330592562E12 49954.125211081
10 10.64380332827568 43.66859850939363 0.0 0.0 0.7506000399589539 178.0 1.330592563E12 49955.113113831
11 10.643806010484695 43.66858912166208 0.0 0.0 0.8756999969482422 175.0 1.330592564E12 49956.189656081
12 10.643809949979186 43.66857315413654 0.0 0.0 0.6880499720573425 172.0 1.330592566E12 49958.122585498
13 10.643814895302057 43.66855722852051 0.0 0.0 0.7506000399589539 169.0 1.330592568E12 49960.27619579
14 10.643819086253643 43.66854059044272 0.0 0.0 0.9382500052452087 166.0 1.33059257E12 49962.125629706
15 10.643823193386197 43.66853132843971 0.0 0.0 0.8756999969482422 165.0 1.330592571E12 49963.154896498
16 10.643827551975846 43.66852244362235 0.0 0.0 0.8756999969482422 164.0 1.330592572E12 49964.203650748
17 10.643832497298717 43.668513307347894 0.0 0.0 0.9382500052452087 162.0 1.330592573E12 49965.227635331
18 10.643838364630938 43.66850391961634 0.0 0.0 0.8756999969482422 160.0 1.330592574E12 49966.123188915
19 10.643844064325094 43.668495286256075 0.0 0.0 1.0008000135421753 158.0 1.330592575E12 49967.154002998
20 10.64385018311441 43.66848623380065 0.0 0.0 1.0008000135421753 156.0 1.330592576E12 49968.190138123
21 10.643856804817915 43.66847705561668 0.0 0.0 1.0008000135421753 155.0 1.330592577E12 49969.17236504
22 10.643864599987864 43.66846800316125 0.0 0.0 1.063349962234497 152.0 1.330592578E12 49970.208602373
23 10.643873820081353 43.668457861058414 0.0 0.0 1.1259000301361084 150.0 1.330592579E12 49971.122839998
24 10.643881531432271 43.66844968870282 0.0 0.0 1.0008000135421753 148.0 1.33059258E12 49972.197452123
25 10.643889494240284 43.66844168398529 0.0 0.0 1.1259000301361084 147.0 1.330592581E12 49973.208027748
26 10.643896954134107 43.668433679267764 0.0 0.0 1.1259000301361084 147.0 1.330592582E12 49974.20656279
27 10.643904330208898 43.66842605173588 0.0 0.0 1.1259000301361084 146.0 1.330592583E12 49975.218412623
28 10.643912125378847 43.66841842420399 0.0 0.0 1.1259000301361084 145.0 1.330592584E12 49976.161445248
29 10.643920172005892 43.668411215767264 0.0 0.0 1.1259000301361084 143.0 1.330592585E12 49977.245611623
30 10.643930062651634 43.66840425878763 0.0 0.0 1.0008000135421753 140.0 1.330592586E12 49978.138309415
31 10.64394992776215 43.66839185357094 0.0 0.0 1.1259000301361084 136.0 1.330592588E12 49980.180405706
32 10.643969373777509 43.668379951268435 0.0 0.0 1.1259000301361084 134.0 1.33059259E12 49982.136851581
33 10.643979348242283 43.668374586850405 0.0 0.0 1.063349962234497 132.0 1.330592591E12 49983.230009123
34 10.643990747630596 43.66836867760867 0.0 0.0 1.1259000301361084 130.0 1.330592592E12 49984.135242539
35 10.644002733752131 43.668363145552576 0.0 0.0 1.1259000301361084 127.0 1.330592593E12 49985.173747748
36 10.644015138968825 43.66835782304406 0.0 0.0 1.1259000301361084 126.0 1.330592594E12 49986.187332123
37 10.644027879461646 43.66835187189281 0.0 0.0 1.063349962234497 124.0 1.330592595E12 49987.149829414
38 10.644039530307055 43.66834680084139 0.0 0.0 1.1259000301361084 124.0 1.330592596E12 49988.208049998
39 10.644051935523748 43.66834122687578 0.0 0.0 1.063349962234497 124.0 1.330592597E12 49989.254240873
40 10.6440647598356 43.668335736729205 0.0 0.0 1.1259000301361084 122.0 1.330592598E12 49990.239431831
41 10.64407791942358 43.66833049803972 0.0 0.0 1.1884499788284302 121.0 1.330592599E12 49991.116392123
42 10.644090324640274 43.668327145278454 0.0 0.0 1.063349962234497 118.0 1.3305926E12 49992.172770165
43 10.644102562218904 43.66832261905074 0.0 0.0 1.1259000301361084 119.0 1.330592601E12 49993.378150165
44 10.644127037376165 43.66831654217094 0.0 0.0 1.0008000135421753 115.0 1.330592603E12 49995.188165456
45 10.644141035154462 43.66831369232386 0.0 0.0 1.063349962234497 113.0 1.330592604E12 49996.176603956
46 10.644155284389853 43.66831101011485 0.0 0.0 1.063349962234497 112.0 1.330592605E12 49997.242875373
47 10.644168863072991 43.66830874700099 0.0 0.0 1.1259000301361084 112.0 1.330592606E12 49998.121154456
48 10.644183196127415 43.66830677725375 0.0 0.0 1.1884499788284302 111.0 1.330592607E12 49999.122808665
49 10.64419861882925 43.6683058552444 0.0 0.0 1.1884499788284302 107.0 1.330592608E12 50000.15064729
50 10.644214879721403 43.6683056037873 0.0 0.0 1.1259000301361084 104.0 1.330592609E12 50001.177071998
51 10.644229464232922 43.668306190520525 0.0 0.0 1.063349962234497 100.0 1.33059261E12 50002.200497581
52 10.644244132563472 43.66830581333488 0.0 0.0 1.1259000301361084 98.0 1.330592611E12 50003.221874373
53 10.644259890541434 43.66830610670149 0.0 0.0 1.1259000301361084 95.0 1.330592612E12 50004.128877123
54 10.644274977967143 43.6683066515252 0.0 0.0 1.1259000301361084 93.0 1.330592613E12 50005.142944415
55 10.644290400668979 43.668307196348906 0.0 0.0 1.1884499788284302 92.0 1.330592614E12 50006.174522456
56 10.644305068999529 43.6683082440868 0.0 0.0 1.1259000301361084 90.0 1.330592615E12 50007.213542665
57 10.64431982114911 43.66830979473889 0.0 0.0 1.1259000301361084 88.0 1.330592616E12 50008.244723123
58 10.644333818927407 43.66831197403371 0.0 0.0 1.1884499788284302 86.0 1.330592617E12 50009.149860998
59 10.644347732886672 43.66831394378096 0.0 0.0 1.1259000301361084 85.0 1.330592618E12 50010.210182123
60 10.644362736493349 43.668316709809005 0.0 0.0 1.1884499788284302 82.0 1.330592619E12 50011.225414581
61 10.644375812262297 43.668320355936885 0.0 0.0 1.1259000301361084 80.0 1.33059262E12 50012.126397165
62 10.644391737878323 43.66832433734089 0.0 0.0 1.1884499788284302 78.0 1.330592621E12 50013.147415623
63 10.644404143095016 43.66832961793989 0.0 0.0 1.1259000301361084 75.0 1.330592622E12 50014.18602454
64 10.644418224692345 43.66833506617695 0.0 0.0 1.1884499788284302 72.0 1.330592623E12 50015.12007029
65 10.644433060660958 43.668340095318854 0.0 0.0 1.2510000467300415 71.0 1.330592624E12 50016.162597706
66 10.64444831572473 43.66834600456059 0.0 0.0 1.3135499954223633 68.0 1.330592625E12 50017.187491706
67 10.644464325159788 43.66835275199264 0.0 0.0 1.3135499954223633 66.0 1.330592626E12 50018.13647954
68 10.644480250775814 43.66836025379598 0.0 0.0 1.376099944114685 64.0 1.330592627E12 50019.138994998
69 10.644495924934745 43.66836704313755 0.0 0.0 1.3135499954223633 62.0 1.330592628E12 50020.189256331
70 10.644511431455612 43.66837332956493 0.0 0.0 1.3135499954223633 62.0 1.330592629E12 50021.225202081
71 10.644525261595845 43.66838028654456 0.0 0.0 1.2510000467300415 60.0 1.33059263E12 50022.287908331
72 10.64453917555511 43.66838766261935 0.0 0.0 1.2510000467300415 58.0 1.330592631E12 50023.237266665
73 10.644550574943423 43.66839667316526 0.0 0.0 1.2510000467300415 54.0 1.330592632E12 50024.184813248
74 10.64456356689334 43.668407150544226 0.0 0.0 1.3135499954223633 52.0 1.330592633E12 50025.205206665
75 10.644576642662287 43.668418088927865 0.0 0.0 1.376099944114685 50.0 1.330592634E12 50026.198580498
76 10.644589550793171 43.66842818912119 0.0 0.0 1.376099944114685 48.0 1.330592635E12 50027.164737081
77 10.64460271038115 43.66843849886209 0.0 0.0 1.376099944114685 48.0 1.330592636E12 50028.130940831
78 10.644614864140749 43.66844868287444 0.0 0.0 1.376099944114685 46.0 1.330592637E12 50029.15251854
79 10.644626263529062 43.66845920216292 0.0 0.0 1.376099944114685 44.0 1.330592638E12 50030.219605706
80 10.644636237993836 43.66847043391317 0.0 0.0 1.4386500120162964 42.0 1.330592639E12 50031.250318873
81 10.64464713446796 43.668480911292136 0.0 0.0 1.376099944114685 40.0 1.33059264E12 50032.136460081
82 10.644656857475638 43.66849272977561 0.0 0.0 1.2510000467300415 37.0 1.330592641E12 50033.140388498
83 10.644665071740746 43.668501153588295 0.0 0.0 1.063349962234497 35.0 1.330592642E12 50034.206866831
84 10.644672866910696 43.66850949358195 0.0 0.0 1.063349962234497 34.0 1.330592643E12 50035.198359331
85 10.64468041062355 43.66851837839931 0.0 0.0 1.1259000301361084 34.0 1.330592644E12 50036.203376248
86 10.644688960164785 43.6685294425115 0.0 0.0 1.3135499954223633 33.0 1.330592645E12 50037.134649581
87 10.644697425886989 43.66854008752853 0.0 0.0 1.376099944114685 32.0 1.330592646E12 50038.181228414
88 10.644704634323716 43.66854993626475 0.0 0.0 1.2510000467300415 29.0 1.330592647E12 50039.230126665
89 10.644710836932063 43.66855999454856 0.0 0.0 1.2510000467300415 26.0 1.330592648E12 50040.152160873
90 10.64471603371203 43.668570765294135 0.0 0.0 1.2510000467300415 24.0 1.330592649E12 50041.199945414
91 10.644720895215869 43.668581577949226 0.0 0.0 1.3135499954223633 22.0 1.33059265E12 50042.209739123
92 10.644725756719708 43.66859255824238 0.0 0.0 1.1884499788284302 21.0 1.330592651E12 50043.22683754
93 10.64473019912839 43.66860387381166 0.0 0.0 1.3135499954223633 19.0 1.330592652E12 50044.153353331
94 10.644734473899007 43.6686158599332 0.0 0.0 1.3135499954223633 17.0 1.330592653E12 50045.119672581
95 10.644739251583815 43.66862876806408 0.0 0.0 1.3135499954223633 16.0 1.330592654E12 50046.16671329
96 10.644742269068956 43.66864125709981 0.0 0.0 1.3135499954223633 13.0 1.330592655E12 50047.215640956
97 10.64474537037313 43.66865466814488 0.0 0.0 1.376099944114685 12.0 1.330592656E12 50048.115757081
98 10.644746962934732 43.668666360899806 0.0 0.0 1.2510000467300415 11.0 1.330592657E12 50049.15844079
99 10.644748387858272 43.66867646109313 0.0 0.0 1.1259000301361084 10.0 1.330592658E12 50050.256133748
100 10.64475073479116 43.66869112942368 0.0 0.0 1.5012000799179077 8.0 1.330592659E12 50051.090909956
101 10.644751321524382 43.668704708106816 0.0 0.0 1.4386500120162964 6.0 1.33059266E12 50052.140771623
102 10.644751572981477 43.6687141796574 0.0 0.0 1.1884499788284302 5.0 1.330592661E12 50053.156808331
103 10.644752411171794 43.66872985381633 0.0 0.0 1.376099944114685 5.0 1.330592662E12 50054.15733304
104 10.644751824438572 43.66874481551349 0.0 0.0 1.5012000799179077 4.0 1.330592663E12 50055.189723581
105 10.644750986248255 43.668757011182606 0.0 0.0 1.3135499954223633 4.0 1.330592664E12 50056.216801581
106 10.644749058410525 43.66876929067075 0.0 0.0 1.1884499788284302 2.0 1.330592665E12 50057.248759956
107 10.644748220220208 43.668781318701804 0.0 0.0 1.1884499788284302 1.0 1.330592666E12 50058.142152206
108 10.644750399515033 43.668792927637696 0.0 0.0 1.1884499788284302 1.0 1.330592667E12 50059.172231998
109 10.644751321524382 43.66880512330681 0.0 0.0 1.3135499954223633 2.0 1.330592668E12 50060.249220998
110 10.644750902429223 43.66881798952818 0.0 0.0 1.3135499954223633 2.0 1.330592669E12 50061.237401998
111 10.644750818610191 43.668829263187945 0.0 0.0 1.2510000467300415 1.0 1.33059267E12 50062.161149498
112 10.644750650972128 43.66883940529078 0.0 0.0 1.1884499788284302 1.0 1.330592671E12 50063.182796748
113 10.644749645143747 43.6688513495028 0.0 0.0 1.3135499954223633 1.0 1.330592672E12 50064.231888165
114 10.644748639315367 43.66886341944337 0.0 0.0 1.3135499954223633 1.0 1.330592673E12 50065.157773498
115 10.644747549667954 43.66887527983636 0.0 0.0 1.2510000467300415 1.0 1.330592674E12 50066.146319581
116 10.644746460020542 43.66888697259128 0.0 0.0 1.1884499788284302 1.0 1.330592675E12 50067.151889998
117 10.644745705649257 43.668898874893785 0.0 0.0 1.2510000467300415 1.0 1.330592676E12 50068.18033829
118 10.644745454192162 43.66890977136791 0.0 0.0 1.1884499788284302 2.0 1.330592677E12 50069.241697915
119 10.644745118916035 43.668920625932515 0.0 0.0 1.1884499788284302 1.0 1.330592678E12 50070.248850914
120 10.644744532182813 43.668932863511145 0.0 0.0 1.3135499954223633 1.0 1.330592679E12 50071.237170498
121 10.644744029268622 43.668945017270744 0.0 0.0 1.2510000467300415 1.0 1.33059268E12 50072.133814123
122 10.644742771983147 43.66895650047809 0.0 0.0 1.1884499788284302 1.0 1.330592681E12 50073.152948415
123 10.644741682335734 43.66896760649979 0.0 0.0 1.1884499788284302 1.0 1.330592682E12 50074.137895331
124 10.644740844145417 43.668979089707136 0.0 0.0 1.1884499788284302 0.0 1.330592683E12 50075.19636929
125 10.644739419221878 43.66899359039962 0.0 0.0 1.2510000467300415 0.0 1.330592684E12 50076.188009581
126 10.644738664850593 43.66900582797825 0.0 0.0 1.1884499788284302 0.0 1.330592685E12 50077.139507706
127 10.644738245755434 43.66901760455221 0.0 0.0 1.2510000467300415 0.0 1.330592686E12 50078.154711248
128 10.64473757520318 43.66902975831181 0.0 0.0 1.3135499954223633 0.0 1.330592687E12 50079.164486331
129 10.644736653193831 43.66904065478593 0.0 0.0 1.1884499788284302 0.0 1.330592688E12 50080.204251123
130 10.644735982641578 43.66905209608376 0.0 0.0 1.2510000467300415 1.0 1.330592689E12 50081.221939998
131 10.64473564736545 43.66906395647675 0.0 0.0 1.1884499788284302 1.0 1.33059269E12 50082.155270998
132 10.64473564736545 43.66907590068877 0.0 0.0 1.2510000467300415 2.0 1.330592691E12 50083.160033123
133 10.644735395908356 43.66908780299127 0.0 0.0 1.1884499788284302 2.0 1.330592692E12 50084.178741956
134 10.64473464153707 43.669099202379584 0.0 0.0 1.2510000467300415 1.0 1.330592693E12 50085.148979873
135 10.644733551889658 43.66911127232015 0.0 0.0 1.3135499954223633 0.0 1.330592694E12 50086.173006831
136 10.64473221078515 43.66912359371781 0.0 0.0 1.2510000467300415 359.0 1.330592695E12 50087.194068039
137 10.64473120495677 43.66913524456322 0.0 0.0 1.1884499788284302 359.0 1.330592696E12 50088.139759789
138 10.644731037318707 43.669146643951535 0.0 0.0 1.1884499788284302 0.0 1.330592697E12 50089.129191664
139 10.644731037318707 43.66915779188275 0.0 0.0 1.1884499788284302 0.0 1.330592698E12 50090.132798956
140 10.64473019912839 43.669169400818646 0.0 0.0 1.2510000467300415 359.0 1.330592699E12 50091.225220914
141 10.64473019912839 43.66918218322098 0.0 0.0 1.3135499954223633 359.0 1.3305927E12 50092.139997664
142 10.644730450585485 43.66919483989477 0.0 0.0 1.3135499954223633 0.0 1.330592701E12 50093.134602873
143 10.644730618223548 43.669206239283085 0.0 0.0 1.1884499788284302 1.0 1.330592702E12 50094.181915165
144 10.644730953499675 43.66921730339527 0.0 0.0 1.2510000467300415 1.0 1.330592703E12 50095.209097206
145 10.644730953499675 43.66922903805971 0.0 0.0 1.2510000467300415 1.0 1.330592704E12 50096.14254154
146 10.644730953499675 43.669240730814636 0.0 0.0 1.1884499788284302 1.0 1.330592705E12 50097.134571539
147 10.644731288775802 43.669251669198275 0.0 0.0 1.1259000301361084 2.0 1.330592706E12 50098.169836831
148 10.644731624051929 43.669262984767556 0.0 0.0 1.1884499788284302 2.0 1.330592707E12 50099.205734206
149 10.644731540232897 43.66927505470812 0.0 0.0 1.1884499788284302 2.0 1.330592708E12 50100.225405081
150 10.644730534404516 43.669287292286754 0.0 0.0 1.1259000301361084 0.0 1.330592709E12 50101.136324415
151 10.64472877420485 43.669299529865384 0.0 0.0 1.1884499788284302 359.0 1.33059271E12 50102.167644748
152 10.644727349281311 43.66931059397757 0.0 0.0 1.1259000301361084 358.0 1.330592711E12 50103.177702998
153 10.644726511090994 43.66932182572782 0.0 0.0 1.1884499788284302 359.0 1.330592712E12 50104.239067456
154 10.644726511090994 43.66933305747807 0.0 0.0 1.1884499788284302 0.0 1.330592713E12 50105.13268404
155 10.644727181643248 43.66934395395219 0.0 0.0 1.1259000301361084 1.0 1.330592714E12 50106.194068164
156 10.64472726546228 43.66935468278825 0.0 0.0 1.1259000301361084 0.0 1.330592715E12 50107.203893289
157 10.644727181643248 43.66936566308141 0.0 0.0 1.1884499788284302 1.0 1.330592716E12 50108.139860331
158 10.644727097824216 43.669377230107784 0.0 0.0 1.2510000467300415 1.0 1.330592717E12 50109.157090665
159 10.64472776837647 43.66938879713416 0.0 0.0 1.2510000467300415 2.0 1.330592718E12 50110.251443206
160 10.644727852195501 43.66940015461296 0.0 0.0 1.2510000467300415 2.0 1.330592719E12 50111.141976165
161 10.644723074510694 43.66941649932414 0.0 0.0 1.1884499788284302 356.0 1.330592724E12 50116.19354979
162 10.644721314311028 43.66943167056888 0.0 0.0 1.1884499788284302 354.0 1.330592725E12 50117.247342498
163 10.644720559939742 43.669446213170886 0.0 0.0 1.1884499788284302 355.0 1.330592726E12 50118.132040415
164 10.644718715921044 43.669460797682405 0.0 0.0 1.1884499788284302 353.0 1.330592727E12 50119.158520415
165 10.644715698435903 43.66947542410344 0.0 0.0 1.1884499788284302 351.0 1.330592728E12 50120.198840331
166 10.644712261855602 43.66949172690511 0.0 0.0 1.2510000467300415 349.0 1.330592729E12 50121.226361331
167 10.644707651808858 43.669506018050015 0.0 0.0 1.2510000467300415 347.0 1.33059273E12 50122.143437373
168 10.644703544676304 43.66952144075185 0.0 0.0 1.2510000467300415 346.0 1.330592731E12 50123.147705748
169 10.644699018448591 43.66953543853015 0.0 0.0 1.1884499788284302 344.0 1.330592732E12 50124.186349831
170 10.644693234935403 43.66954889148474 0.0 0.0 1.1884499788284302 341.0 1.330592733E12 50125.134658873
171 10.644686529412866 43.66956242825836 0.0 0.0 1.1884499788284302 338.0 1.330592734E12 50126.257422706
172 10.64467940479517 43.669575126841664 0.0 0.0 1.1884499788284302 336.0 1.330592735E12 50127.118611581
173 10.644671944901347 43.669586651958525 0.0 0.0 1.2510000467300415 335.0 1.330592736E12 50128.187834998
174 10.644663898274302 43.66959733888507 0.0 0.0 1.2510000467300415 333.0 1.330592737E12 50129.120081331
175 10.644654845818877 43.669607187621295 0.0 0.0 1.1884499788284302 330.0 1.330592738E12 50130.131128623
176 10.644645038992167 43.669617413543165 0.0 0.0 1.2510000467300415 329.0 1.330592739E12 50131.147259748
177 10.64463498070836 43.669627429917455 0.0 0.0 1.3135499954223633 328.0 1.33059274E12 50132.19140029
178 10.644624419510365 43.66963685955852 0.0 0.0 1.3135499954223633 327.0 1.330592741E12 50133.213707415
179 10.6446139421314 43.669644235633314 0.0 0.0 1.2510000467300415 326.0 1.330592742E12 50134.237685956
180 10.644603129476309 43.66965316236019 0.0 0.0 1.2510000467300415 324.0 1.330592743E12 50135.146332248
181 10.644591227173805 43.669661418534815 0.0 0.0 1.2510000467300415 321.0 1.330592744E12 50136.197053415
182 10.644578654319048 43.66966996807605 0.0 0.0 1.3135499954223633 320.0 1.330592745E12 50137.15284629
183 10.6445655785501 43.66967990063131 0.0 0.0 1.3135499954223633 317.0 1.330592746E12 50138.12863204
184 10.64455283805728 43.66968878544867 0.0 0.0 1.2510000467300415 315.0 1.330592747E12 50139.206676206
185 10.644539427012205 43.669697334989905 0.0 0.0 1.376099944114685 314.0 1.330592748E12 50140.170387831
186 10.644525093957782 43.66970567498356 0.0 0.0 1.3135499954223633 311.0 1.330592749E12 50141.220272289
187 10.644510593265295 43.66971259005368 0.0 0.0 1.2510000467300415 307.0 1.33059275E12 50142.136789206
188 10.644497014582157 43.66971862502396 0.0 0.0 1.2510000467300415 306.0 1.330592751E12 50143.161322706
189 10.644482597708702 43.66972478572279 0.0 0.0 1.1884499788284302 305.0 1.330592752E12 50144.227401081
190 10.644467677921057 43.66972994059324 0.0 0.0 1.2510000467300415 302.0 1.330592753E12 50145.145204498
191 10.64445368014276 43.66973413154483 0.0 0.0 1.1259000301361084 301.0 1.330592754E12 50146.19268629
192 10.644439850002527 43.66973878350109 0.0 0.0 1.1884499788284302 300.0 1.330592755E12 50147.216220998
193 10.644423170015216 43.669742764905095 0.0 0.0 1.376099944114685 297.0 1.330592756E12 50148.143937831
194 10.644406406208873 43.66974636912346 0.0 0.0 1.2510000467300415 294.0 1.330592757E12 50149.181500456
195 10.644390564411879 43.66974909324199 0.0 0.0 1.1884499788284302 292.0 1.330592758E12 50150.183761998
196 10.64437497407198 43.66975110489875 0.0 0.0 1.2510000467300415 290.0 1.330592759E12 50151.22655729
197 10.644359802827239 43.66975462529808 0.0 0.0 1.1884499788284302 290.0 1.33059276E12 50152.222087456
198 10.64434563741088 43.66975852288306 0.0 0.0 1.1884499788284302 289.0 1.330592761E12 50153.17533479
199 10.644330382347107 43.669761079363525 0.0 0.0 1.1884499788284302 287.0 1.330592762E12 50154.165817498
200 10.644314540550113 43.66976275574416 0.0 0.0 1.1884499788284302 284.0 1.330592763E12 50155.18224629
201 10.644299201667309 43.66976459976286 0.0 0.0 1.1884499788284302 283.0 1.330592764E12 50156.213381748
202 10.64428361132741 43.66976535413414 0.0 0.0 1.1884499788284302 281.0 1.330592765E12 50157.133329915
203 10.644267182797194 43.66976531222463 0.0 0.0 1.2510000467300415 278.0 1.330592766E12 50158.168882706
204 10.644250251352787 43.669765018858016 0.0 0.0 1.1884499788284302 275.0 1.330592767E12 50159.24366679
205 10.644233990460634 43.66976447403431 0.0 0.0 1.1259000301361084 275.0 1.330592768E12 50160.143067248
206 10.644218400120735 43.66976376157254 0.0 0.0 1.1884499788284302 272.0 1.330592769E12 50161.203772789
207 10.644202642142773 43.669762085191905 0.0 0.0 1.1884499788284302 270.0 1.33059277E12 50162.24360679
208 10.644186548888683 43.66976024117321 0.0 0.0 1.3135499954223633 267.0 1.330592771E12 50163.207892248
209 10.644169030711055 43.669756930321455 0.0 0.0 1.2510000467300415 265.0 1.330592772E12 50164.139063248
210 10.644153859466314 43.66975408047438 0.0 0.0 1.1259000301361084 262.0 1.330592773E12 50165.172060206
211 10.644138855859637 43.66975039243698 0.0 0.0 1.2510000467300415 259.0 1.330592774E12 50166.192918123
212 10.644122762605548 43.669746494852006 0.0 0.0 1.2510000467300415 257.0 1.330592775E12 50167.227037623
213 10.644107004627585 43.66974201053381 0.0 0.0 1.2510000467300415 255.0 1.330592776E12 50168.124749414
214 10.64409158192575 43.669737232849 0.0 0.0 1.1884499788284302 253.0 1.330592777E12 50169.193010873
215 10.644075572490692 43.66973262280226 0.0 0.0 1.3135499954223633 252.0 1.330592778E12 50170.231923373
216 10.644059395417571 43.66972801275551 0.0 0.0 1.2510000467300415 251.0 1.330592779E12 50171.147560665
217 10.644044810906053 43.66972281597555 0.0 0.0 1.1884499788284302 248.0 1.33059278E12 50172.198918748
218 10.644031148403883 43.66971682291478 0.0 0.0 1.2510000467300415 245.0 1.330592781E12 50173.230604331
219 10.644018240272999 43.66971011739224 0.0 0.0 1.1884499788284302 242.0 1.330592782E12 50174.134947456
220 10.64400415867567 43.669703118503094 0.0 0.0 1.3135499954223633 241.0 1.330592783E12 50175.144055998
221 10.643990244716406 43.66969645489007 0.0 0.0 1.2510000467300415 239.0 1.330592784E12 50176.186566123
222 10.643975911661983 43.669690042734146 0.0 0.0 1.3135499954223633 239.0 1.330592785E12 50177.209004289
223 10.643963003531098 43.66968241520226 0.0 0.0 1.3135499954223633 237.0 1.330592786E12 50178.230787373
224 10.643949760124087 43.669674787670374 0.0 0.0 1.2510000467300415 236.0 1.330592787E12 50179.246116248
225 10.643936265259981 43.669665567576885 0.0 0.0 1.2510000467300415 232.0 1.330592788E12 50180.160163998
226 10.643924782052636 43.669657269492745 0.0 0.0 1.1884499788284302 229.0 1.330592789E12 50181.151110206
227 10.643912628293037 43.66964926477522 0.0 0.0 1.1259000301361084 227.0 1.33059279E12 50182.162524498
228 10.643902234733105 43.66964025422931 0.0 0.0 1.2510000467300415 223.0 1.330592791E12 50183.187571415
229 10.643890667706728 43.66963027976453 0.0 0.0 1.3135499954223633 222.0 1.330592792E12 50184.212857415
230 10.643879771232605 43.66962009575218 0.0 0.0 1.2510000467300415 220.0 1.330592793E12 50185.276148998
231 10.64387071877718 43.66961028892547 0.0 0.0 1.1884499788284302 218.0 1.330592794E12 50186.248881123
232 10.643860576674342 43.6696000630036 0.0 0.0 1.2510000467300415 216.0 1.330592795E12 50187.144426331
233 10.64385169185698 43.66958962753415 0.0 0.0 1.2510000467300415 214.0 1.330592796E12 50188.169027706
234 10.643843142315745 43.6695794435218 0.0 0.0 1.1884499788284302 213.0 1.330592797E12 50189.244754998
235 10.643834928050637 43.6695696786046 0.0 0.0 1.2510000467300415 212.0 1.330592798E12 50190.22525604
236 10.64382721669972 43.669559243135154 0.0 0.0 1.2510000467300415 209.0 1.330592799E12 50191.250527415
237 10.64382093027234 43.669548220932484 0.0 0.0 1.1884499788284302 206.0 1.3305928E12 50192.144785998
238 10.643815398216248 43.669537492096424 0.0 0.0 1.1884499788284302 203.0 1.330592801E12 50193.19521929
239 10.643810871988535 43.66952621843666 0.0 0.0 1.2510000467300415 200.0 1.330592802E12 50194.190677914
240 10.643807770684361 43.66951456759125 0.0 0.0 1.2510000467300415 197.0 1.330592803E12 50195.197735415
241 10.643805675208569 43.66950300056487 0.0 0.0 1.2510000467300415 193.0 1.330592804E12 50196.182731206
242 10.64380374737084 43.669491643086076 0.0 0.0 1.1884499788284302 191.0 1.330592805E12 50197.187502706
243 10.643801484256983 43.669479908421636 0.0 0.0 1.2510000467300415 190.0 1.330592806E12 50198.22331904
244 10.64379938878119 43.669468173757195 0.0 0.0 1.2510000467300415 189.0 1.330592807E12 50199.281900665
245 10.643797544762492 43.66945660673082 0.0 0.0 1.2510000467300415 188.0 1.330592808E12 50200.169938831
246 10.643795114010572 43.669444201514125 0.0 0.0 1.376099944114685 188.0 1.330592809E12 50201.187598206
247 10.643793772906065 43.66943150293082 0.0 0.0 1.3135499954223633 186.0 1.33059281E12 50202.211718956
248 10.643793269991875 43.66941867861897 0.0 0.0 1.3135499954223633 183.0 1.330592811E12 50203.256858581
249 10.643792767077684 43.669405560940504 0.0 0.0 1.376099944114685 180.0 1.330592812E12 50204.141336456
250 10.643792264163494 43.6693928623572 0.0 0.0 1.3135499954223633 180.0 1.330592813E12 50205.178936373
251 10.64379209652543 43.66937982849777 0.0 0.0 1.376099944114685 181.0 1.330592814E12 50206.241597373
252 10.643791928887367 43.66936746519059 0.0 0.0 1.2510000467300415 180.0 1.330592815E12 50207.128815414
253 10.64379159361124 43.66935510188341 0.0 0.0 1.3135499954223633 180.0 1.330592816E12 50208.164642998
254 10.643791258335114 43.66934286430478 0.0 0.0 1.3135499954223633 179.0 1.330592817E12 50209.187487373
255 10.64379109069705 43.66933062672615 0.0 0.0 1.376099944114685 180.0 1.330592818E12 50210.195328873
256 10.643791258335114 43.66931805387139 0.0 0.0 1.376099944114685 179.0 1.330592819E12 50211.241058039
257 10.643791509792209 43.669305481016636 0.0 0.0 1.376099944114685 179.0 1.33059282E12 50212.133773081
258 10.643791006878018 43.669293662533164 0.0 0.0 1.3135499954223633 179.0 1.330592821E12 50213.165877581
259 10.643792347982526 43.66928125731647 0.0 0.0 1.3135499954223633 178.0 1.330592822E12 50214.228800123
260 10.643793269991875 43.66926910355687 0.0 0.0 1.2510000467300415 178.0 1.330592823E12 50215.241425206
261 10.64379352144897 43.66925715934485 0.0 0.0 1.3135499954223633 178.0 1.330592824E12 50216.14278979
262 10.643793605268002 43.669245298951864 0.0 0.0 1.2510000467300415 177.0 1.330592825E12 50217.197054665
263 10.643793605268002 43.66923352237791 0.0 0.0 1.3135499954223633 177.0 1.330592826E12 50218.124944914
264 10.643792934715748 43.66922199726105 0.0 0.0 1.3135499954223633 178.0 1.330592827E12 50219.186177123
265 10.643794192001224 43.669208879582584 0.0 0.0 1.4386500120162964 177.0 1.330592828E12 50220.24507679
266 10.643795197829604 43.66919584572315 0.0 0.0 1.376099944114685 178.0 1.330592829E12 50221.145230915
267 10.643795784562826 43.66918281186372 0.0 0.0 1.376099944114685 178.0 1.33059283E12 50222.206242498
268 10.64379645511508 43.66916994564235 0.0 0.0 1.376099944114685 178.0 1.330592831E12 50223.199902081
269 10.643797209486365 43.66915670223534 0.0 0.0 1.376099944114685 178.0 1.330592832E12 50224.139380623
270 10.643797041848302 43.66914429701865 0.0 0.0 1.3135499954223633 177.0 1.330592833E12 50225.165386373
271 10.64379746094346 43.66913222707808 0.0 0.0 1.3135499954223633 177.0 1.330592834E12 50226.18794554
272 10.643798634409904 43.66911990568042 0.0 0.0 1.376099944114685 177.0 1.330592835E12 50227.221604123
273 10.643799221143126 43.66910775192082 0.0 0.0 1.2510000467300415 177.0 1.330592836E12 50228.189678748
274 10.643798885867 43.66909639444202 0.0 0.0 1.3135499954223633 177.0 1.330592837E12 50229.183903581
275 10.643799221143126 43.66908449213952 0.0 0.0 1.376099944114685 177.0 1.330592838E12 50230.226388956
276 10.643800226971507 43.66907200310379 0.0 0.0 1.376099944114685 177.0 1.330592839E12 50231.121026081
277 10.643800981342793 43.669059346430004 0.0 0.0 1.376099944114685 177.0 1.33059284E12 50232.154892748
278 10.643801484256983 43.669046773575246 0.0 0.0 1.376099944114685 177.0 1.330592841E12 50233.183966581
279 10.643801903352141 43.669034745544195 0.0 0.0 1.3135499954223633 177.0 1.330592842E12 50234.199810456
280 10.6438023224473 43.669022507965565 0.0 0.0 1.3135499954223633 176.0 1.330592843E12 50235.224926456
281 10.64380332827568 43.66901064757258 0.0 0.0 1.3135499954223633 176.0 1.330592844E12 50236.144471664
282 10.643804082646966 43.66899849381298 0.0 0.0 1.2510000467300415 176.0 1.330592845E12 50237.172212373
283 10.643805339932442 43.66898671723902 0.0 0.0 1.2510000467300415 175.0 1.330592846E12 50238.182911956
284 10.643801735714078 43.668971504084766 0.0 0.0 1.4386500120162964 176.0 1.330592847E12 50239.188451331
285 10.64380131661892 43.66895767394453 0.0 0.0 1.3135499954223633 176.0 1.330592848E12 50240.221544373
286 10.643801065161824 43.668944095261395 0.0 0.0 1.4386500120162964 177.0 1.330592849E12 50241.127222581
287 10.64380181953311 43.66893110331148 0.0 0.0 1.376099944114685 175.0 1.33059285E12 50242.136033873
288 10.643802741542459 43.66891806945205 0.0 0.0 1.376099944114685 175.0 1.330592851E12 50243.153409873
289 10.643803495913744 43.66890511941165 0.0 0.0 1.376099944114685 175.0 1.330592852E12 50244.192616248
290 10.643804334104061 43.66889242082834 0.0 0.0 1.3135499954223633 175.0 1.330592853E12 50245.211135998
291 10.643805004656315 43.66887980606407 0.0 0.0 1.2510000467300415 176.0 1.330592854E12 50246.237175706
292 10.643805088475347 43.66886723320931 0.0 0.0 1.3135499954223633 177.0 1.330592855E12 50247.141187623
293 10.643804920837283 43.66885470226407 0.0 0.0 1.2510000467300415 178.0 1.330592856E12 50248.177685456
294 10.643805172294378 43.6688418360427 0.0 0.0 1.3135499954223633 178.0 1.330592857E12 50249.215256789
295 10.643806094303727 43.66882901173085 0.0 0.0 1.3135499954223633 177.0 1.330592858E12 50250.135416248
296 10.64380668103695 43.66881643887609 0.0 0.0 1.376099944114685 177.0 1.330592859E12 50251.125346081
297 10.643806345760822 43.66880374029279 0.0 0.0 1.376099944114685 178.0 1.33059286E12 50252.163459498
298 10.643806345760822 43.66879129316658 0.0 0.0 1.3135499954223633 178.0 1.330592861E12 50253.198116331
299 10.64380668103695 43.668778887949884 0.0 0.0 1.3135499954223633 178.0 1.330592862E12 50254.193134415
300 10.643806932494044 43.66876639891416 0.0 0.0 1.3135499954223633 178.0 1.330592863E12 50255.233147915
301 10.64380768686533 43.66875374224037 0.0 0.0 1.3135499954223633 177.0 1.330592864E12 50256.143398706
302 10.643808441236615 43.668741337023675 0.0 0.0 1.3135499954223633 177.0 1.330592865E12 50257.159619373
303 10.643809530884027 43.66872918326408 0.0 0.0 1.2510000467300415 176.0 1.330592866E12 50258.222360331
304 10.643809949979186 43.66871669422835 0.0 0.0 1.376099944114685 177.0 1.330592867E12 50259.147689206
305 10.64380961470306 43.66870407946408 0.0 0.0 1.2510000467300415 178.0 1.330592868E12 50260.160773289
306 10.64380869269371 43.668691967613995 0.0 0.0 1.2510000467300415 180.0 1.330592869E12 50261.213623373
307 10.643808608874679 43.66868014913052 0.0 0.0 1.2510000467300415 178.0 1.33059287E12 50262.224786789
308 10.643808944150805 43.6686684563756 0.0 0.0 1.2510000467300415 177.0 1.330592871E12 50263.250779748
309 10.643809027969837 43.66865688934922 0.0 0.0 1.2510000467300415 177.0 1.330592872E12 50264.136433415
