3 10.643807100132108 43.668612255714834 0.0 0.0 2.6270999908447266 296.0 1.330427477E12 62943.195375188
4 10.643833922222257 43.66859431844205 0.0 0.0 1.1884499788284302 334.0 1.330427478E12 62944.207125688
5 10.64383358694613 43.66856615524739 0.0 0.0 0.8131499886512756 32.0 1.330427479E12 62945.262166271
6 10.643840627744794 43.66855379194021 0.0 0.0 0.9382500052452087 72.0 1.33042748E12 62946.146447147
7 10.643847668543458 43.668545661494136 0.0 0.0 1.0008000135421753 98.0 1.330427481E12 62947.169239646
8 10.643855044618249 43.6685336753726 0.0 0.0 1.063349962234497 115.0 1.330427482E12 62948.197552813
9 10.643861079588532 43.66852365899831 0.0 0.0 0.9382500052452087 127.0 1.330427483E12 62949.211940563
10 10.643867533653975 43.668514522723854 0.0 0.0 0.8756999969482422 132.0 1.330427484E12 62950.231549646
11 10.643874071538448 43.66850534453988 0.0 0.0 1.0008000135421753 137.0 1.330427485E12 62951.170554063
12 10.643882285803556 43.668497423641384 0.0 0.0 0.8756999969482422 136.0 1.330427486E12 62952.22831223
13 10.643891422078013 43.66849067620933 0.0 0.0 0.8756999969482422 137.0 1.330427487E12 62953.254213188
14 10.643899133428931 43.668483258225024 0.0 0.0 0.8131499886512756 139.0 1.330427488E12 62954.239851563
15 10.643907682970166 43.66847584024072 0.0 0.0 0.9382500052452087 139.0 1.330427489E12 62955.183613938
16 10.643923943862319 43.66846335120499 0.0 0.0 0.8756999969482422 137.0 1.330427491E12 62957.43811273
17 10.643940875306726 43.66845241282135 0.0 0.0 1.0008000135421753 133.0 1.330427493E12 62959.163664105
18 10.64395135268569 43.668445707298815 0.0 0.0 1.063349962234497 133.0 1.330427494E12 62960.198809021
19 10.643962416797876 43.668439630419016 0.0 0.0 0.9382500052452087 131.0 1.330427495E12 62961.244376688
20 10.643981778994203 43.66842869203538 0.0 0.0 1.0008000135421753 130.0 1.330427497E12 62963.158939896
21 10.643993429839611 43.66842286661267 0.0 0.0 0.9382500052452087 127.0 1.330427498E12 62964.202331688
22 10.644004661589861 43.6684181727469 0.0 0.0 0.9382500052452087 125.0 1.330427499E12 62965.217667605
23 10.64401539042592 43.668413436971605 0.0 0.0 1.0008000135421753 123.0 1.3304275E12 62966.129209313
24 10.64402662217617 43.66840962320566 0.0 0.0 1.0008000135421753 121.0 1.330427501E12 62967.153475562
25 10.644039195030928 43.668404216878116 0.0 0.0 1.1259000301361084 119.0 1.330427502E12 62968.177694896
26 10.644050342962146 43.668400067836046 0.0 0.0 1.063349962234497 118.0 1.330427503E12 62969.157041438
27 10.644061909988523 43.668395918793976 0.0 0.0 1.0008000135421753 118.0 1.330427504E12 62970.157825354
28 10.644074147567153 43.66839160211384 0.0 0.0 1.0008000135421753 118.0 1.330427505E12 62971.175417605
29 10.64408621750772 43.66838695015758 0.0 0.0 1.063349962234497 117.0 1.330427506E12 62972.204387396
30 10.644098035991192 43.668382884934545 0.0 0.0 1.063349962234497 117.0 1.330427507E12 62973.237344688
31 10.64411111176014 43.66837911307812 0.0 0.0 1.0008000135421753 113.0 1.330427508E12 62974.172369896
32 10.64412435516715 43.66837542504072 0.0 0.0 1.1259000301361084 114.0 1.330427509E12 62975.19845652
33 10.644136425107718 43.668371653184295 0.0 0.0 1.1259000301361084 114.0 1.33042751E12 62976.233241063
34 10.644151009619236 43.66837081499398 0.0 0.0 1.1259000301361084 110.0 1.330427511E12 62977.157563188
35 10.644163163378835 43.668368803337216 0.0 0.0 1.0008000135421753 108.0 1.330427512E12 62978.152774104
36 10.644188728183508 43.66836377419531 0.0 0.0 0.9382500052452087 106.0 1.330427514E12 62980.295184772
37 10.644213119521737 43.66836301982403 0.0 0.0 0.9382500052452087 101.0 1.330427516E12 62982.15862848
38 10.644225692376494 43.668362642638385 0.0 0.0 1.0008000135421753 98.0 1.330427517E12 62983.170448563
39 10.644240947440267 43.66836226545274 0.0 0.0 1.1259000301361084 97.0 1.330427518E12 62984.203689105
40 10.644256705418229 43.66836205590516 0.0 0.0 1.063349962234497 95.0 1.330427519E12 62985.231947021
41 10.644270870834589 43.6683626845479 0.0 0.0 1.063349962234497 91.0 1.33042752E12 62986.159738063
42 10.644285036250949 43.66836331319064 0.0 0.0 1.063349962234497 91.0 1.330427521E12 62987.207233938
43 10.644299034029245 43.66836327128112 0.0 0.0 1.1259000301361084 90.0 1.330427522E12 62988.226868105
44 10.644312277436256 43.668364570476115 0.0 0.0 1.063349962234497 89.0 1.330427523E12 62989.259364896
45 10.644324431195855 43.66836641449481 0.0 0.0 1.063349962234497 87.0 1.330427524E12 62990.166024313
46 10.644337171688676 43.668366498313844 0.0 0.0 0.8756999969482422 87.0 1.330427525E12 62991.166489147
47 10.644361060112715 43.66836926434189 0.0 0.0 1.0008000135421753 83.0 1.330427527E12 62993.318010354
48 10.644374554976821 43.66837131790817 0.0 0.0 1.1259000301361084 81.0 1.330427528E12 62994.163074646
49 10.64438863657415 43.66837328765541 0.0 0.0 1.063349962234497 81.0 1.330427529E12 62995.19923623
50 10.644401963800192 43.66837500594556 0.0 0.0 1.063349962234497 80.0 1.33042753E12 62996.240252438
51 10.644415793940425 43.66837735287845 0.0 0.0 1.1259000301361084 78.0 1.330427531E12 62997.24648323
52 10.64442778006196 43.66838083136827 0.0 0.0 1.063349962234497 75.0 1.330427532E12 62998.172217854
53 10.64444093964994 43.66838464513421 0.0 0.0 1.063349962234497 71.0 1.330427533E12 62999.199415313
54 10.644454266875982 43.66838900372386 0.0 0.0 1.1259000301361084 70.0 1.330427534E12 63000.216717855
55 10.644467091187835 43.66839235648513 0.0 0.0 1.1259000301361084 70.0 1.330427535E12 63001.249857813
56 10.644479831680655 43.66839646361768 0.0 0.0 1.1259000301361084 67.0 1.330427536E12 63002.164333563
57 10.644501708447933 43.66840597707778 0.0 0.0 1.1259000301361084 61.0 1.330427538E12 63004.309642438
58 10.6445137783885 43.66841138340533 0.0 0.0 1.1259000301361084 61.0 1.330427539E12 63005.162388771
59 10.644525764510036 43.66841574199498 0.0 0.0 1.063349962234497 61.0 1.33042754E12 63006.179750688
60 10.644538924098015 43.66842139977962 0.0 0.0 1.3135499954223633 60.0 1.330427541E12 63007.194153313
61 10.644553089514375 43.66842722520232 0.0 0.0 1.2510000467300415 60.0 1.330427542E12 63008.206915896
62 10.644563483074307 43.66843434982002 0.0 0.0 1.063349962234497 55.0 1.330427543E12 63009.231743313
63 10.644572786986828 43.66844231262803 0.0 0.0 1.063349962234497 51.0 1.330427544E12 63010.17375698
64 10.64458267763257 43.66844977252185 0.0 0.0 1.1259000301361084 49.0 1.330427545E12 63011.215306771
65 10.644591897726059 43.66845647804439 0.0 0.0 1.063349962234497 47.0 1.330427546E12 63012.230525022
66 10.644605560228229 43.66845874115825 0.0 0.0 1.1259000301361084 51.0 1.330427547E12 63013.237059355
67 10.6446139421314 43.668470098637044 0.0 0.0 1.1259000301361084 48.0 1.330427548E12 63014.159064937
68 10.644623413681984 43.66847906727344 0.0 0.0 1.1259000301361084 46.0 1.330427549E12 63015.204304479
69 10.644633891060948 43.66848673671484 0.0 0.0 1.2510000467300415 45.0 1.33042755E12 63016.231576063
70 10.644644619897008 43.66849352605641 0.0 0.0 1.1884499788284302 47.0 1.330427551E12 63017.24818898
71 10.64465593546629 43.66850060876459 0.0 0.0 1.1259000301361084 46.0 1.330427552E12 63018.148926896
72 10.644665155559778 43.6685088230297 0.0 0.0 1.0008000135421753 43.0 1.330427553E12 63019.165551313
73 10.644673621281981 43.668517959304154 0.0 0.0 1.063349962234497 39.0 1.330427554E12 63020.209009896
74 10.644680745899677 43.66852642502636 0.0 0.0 1.063349962234497 36.0 1.330427555E12 63021.246074938
75 10.644688289612532 43.668534848839045 0.0 0.0 1.063349962234497 34.0 1.330427556E12 63022.271021021
76 10.644694911316037 43.668543943203986 0.0 0.0 1.063349962234497 32.0 1.330427557E12 63023.150140063
77 10.644701030105352 43.66855219937861 0.0 0.0 1.063349962234497 30.0 1.330427558E12 63024.200859438
78 10.644707148894668 43.66856058128178 0.0 0.0 1.063349962234497 29.0 1.330427559E12 63025.248527063
79 10.644713016226888 43.66856971755624 0.0 0.0 1.063349962234497 27.0 1.33042756E12 63026.164851438
80 10.644718799740076 43.668578644283116 0.0 0.0 1.0008000135421753 27.0 1.330427561E12 63027.164376229
81 10.64472483471036 43.66858690045774 0.0 0.0 1.0008000135421753 26.0 1.330427562E12 63028.182704771
82 10.644730366766453 43.668595156632364 0.0 0.0 1.063349962234497 25.0 1.330427563E12 63029.241907855
83 10.644734557718039 43.66860441863537 0.0 0.0 1.0008000135421753 22.0 1.330427564E12 63030.173731396
84 10.644738581031561 43.66861351300031 0.0 0.0 0.9382500052452087 21.0 1.330427565E12 63031.17686548
85 10.644741849973798 43.668622565455735 0.0 0.0 1.0008000135421753 18.0 1.330427566E12 63032.213701355
86 10.644745118916035 43.66863191127777 0.0 0.0 1.063349962234497 17.0 1.330427567E12 63033.266559896
87 10.64474830403924 43.66864142473787 0.0 0.0 1.063349962234497 16.0 1.330427568E12 63034.16752923
88 10.644750818610191 43.66865114774555 0.0 0.0 1.1259000301361084 14.0 1.330427569E12 63035.19681377
89 10.644751405343413 43.668661122210324 0.0 0.0 1.063349962234497 10.0 1.33042757E12 63036.246514605
90 10.644752159714699 43.668671012856066 0.0 0.0 1.1259000301361084 9.0 1.330427571E12 63037.158498771
91 10.644753417000175 43.66868178360164 0.0 0.0 1.1884499788284302 7.0 1.330427572E12 63038.194540771
92 10.64475417137146 43.66869213525206 0.0 0.0 1.063349962234497 6.0 1.330427573E12 63039.223592563
93 10.644754758104682 43.66870273835957 0.0 0.0 1.1884499788284302 5.0 1.330427574E12 63040.227922813
94 10.644754590466619 43.66871409583837 0.0 0.0 1.1884499788284302 2.0 1.330427575E12 63041.141354104
95 10.64475316554308 43.668725453317165 0.0 0.0 1.1884499788284302 359.0 1.330427576E12 63042.142900979
96 10.644751656800508 43.66873500868678 0.0 0.0 1.0008000135421753 356.0 1.330427577E12 63043.198259771
97 10.644749226048589 43.668746156618 0.0 0.0 1.1259000301361084 355.0 1.330427578E12 63044.264204771
98 10.6447468791157 43.668757430277765 0.0 0.0 1.2510000467300415 355.0 1.330427579E12 63045.161273729
99 10.644745705649257 43.66876962594688 0.0 0.0 1.3135499954223633 356.0 1.33042758E12 63046.164434062
100 10.644745118916035 43.66878286935389 0.0 0.0 1.3135499954223633 357.0 1.330427581E12 63047.180862646
101 10.644742688164115 43.668794771656394 0.0 0.0 1.376099944114685 357.0 1.330427582E12 63048.195246313
102 10.644741598516703 43.668810026720166 0.0 0.0 1.063349962234497 359.0 1.330427584E12 63050.14839573
103 10.644740089774132 43.668820965103805 0.0 0.0 1.1259000301361084 359.0 1.330427585E12 63051.204944063
104 10.644740425050259 43.668831903487444 0.0 0.0 1.1259000301361084 359.0 1.330427586E12 63052.235722729
105 10.6447400059551 43.66884212940931 0.0 0.0 1.063349962234497 359.0 1.330427587E12 63053.156122605
106 10.644739419221878 43.66885210387409 0.0 0.0 1.063349962234497 359.0 1.330427588E12 63054.201356647
107 10.64473849721253 43.66886216215789 0.0 0.0 1.063349962234497 359.0 1.330427589E12 63055.226753688
108 10.644737659022212 43.668871968984604 0.0 0.0 1.063349962234497 359.0 1.33042759E12 63056.160922438
109 10.644736904650927 43.66888139862567 0.0 0.0 1.063349962234497 359.0 1.330427591E12 63057.188605855
110 10.644734222441912 43.66890046745539 0.0 0.0 1.1259000301361084 358.0 1.330427593E12 63059.189968396
111 10.644733803346753 43.668911405839026 0.0 0.0 1.1259000301361084 359.0 1.330427594E12 63060.18869248
112 10.644733551889658 43.66892100311816 0.0 0.0 1.063349962234497 0.0 1.330427595E12 63061.234958813
113 10.644732965156436 43.668930139392614 0.0 0.0 1.1259000301361084 1.0 1.330427596E12 63062.188350771
114 10.644735479727387 43.668940365314484 0.0 0.0 1.063349962234497 2.0 1.330427597E12 63063.193936938
115 10.644736904650927 43.66894937586039 0.0 0.0 1.063349962234497 4.0 1.330427598E12 63064.224985896
116 10.644737826660275 43.66895859595388 0.0 0.0 1.0008000135421753 2.0 1.330427599E12 63065.230360646
117 10.644737407565117 43.66896810941398 0.0 0.0 1.0008000135421753 1.0 1.3304276E12 63066.161895146
118 10.644736150279641 43.66897854488343 0.0 0.0 0.9382500052452087 358.0 1.330427601E12 63067.153683813
119 10.644735395908356 43.6689887708053 0.0 0.0 1.063349962234497 359.0 1.330427602E12 63068.227599646
120 10.644734809175134 43.668999122455716 0.0 0.0 1.0008000135421753 359.0 1.330427603E12 63069.255808646
121 10.644734473899007 43.66901022847742 0.0 0.0 1.0008000135421753 359.0 1.330427604E12 63070.180680729
122 10.644734809175134 43.66902125068009 0.0 0.0 1.063349962234497 0.0 1.330427605E12 63071.20274698
123 10.644735228270292 43.66903135087341 0.0 0.0 1.063349962234497 0.0 1.330427606E12 63072.251284813
124 10.644733887165785 43.669041115790606 0.0 0.0 1.063349962234497 0.0 1.330427607E12 63073.158718438
125 10.64473363570869 43.669051635079086 0.0 0.0 1.063349962234497 1.0 1.330427608E12 63074.177909563
126 10.644732965156436 43.66906102281064 0.0 0.0 1.063349962234497 1.0 1.330427609E12 63075.156997855
127 10.644732546061277 43.66907154209912 0.0 0.0 1.1884499788284302 1.0 1.33042761E12 63076.175405729
128 10.644731875509024 43.66908193565905 0.0 0.0 1.063349962234497 1.0 1.330427611E12 63077.228616063
129 10.644731372594833 43.66909195203334 0.0 0.0 1.063349962234497 0.0 1.330427612E12 63078.282656021
130 10.644730115309358 43.669101926498115 0.0 0.0 1.063349962234497 358.0 1.330427613E12 63079.19628073
131 10.644728941842914 43.66911156568676 0.0 0.0 1.063349962234497 359.0 1.330427614E12 63080.21010498
132 10.64472877420485 43.66912086959928 0.0 0.0 1.0008000135421753 359.0 1.330427615E12 63081.222060688
133 10.64472927711904 43.66913034114987 0.0 0.0 1.063349962234497 1.0 1.330427616E12 63082.273012313
134 10.644729863852262 43.66914014797658 0.0 0.0 1.063349962234497 1.0 1.330427617E12 63083.294892021
135 10.644729947671294 43.66914974525571 0.0 0.0 1.0008000135421753 1.0 1.330427618E12 63084.17889298
136 10.644730115309358 43.669159300625324 0.0 0.0 1.0008000135421753 1.0 1.330427619E12 63085.186858813
137 10.64472978003323 43.66916864644736 0.0 0.0 1.063349962234497 1.0 1.33042762E12 63086.233909063
138 10.644729360938072 43.66917803417891 0.0 0.0 1.063349962234497 0.0 1.330427621E12 63087.278373896
139 10.644729025661945 43.66918800864369 0.0 0.0 1.063349962234497 0.0 1.330427622E12 63088.183148396
140 10.644729025661945 43.66919777356088 0.0 0.0 1.0008000135421753 1.0 1.330427623E12 63089.175699605
141 10.644728941842914 43.66920778993517 0.0 0.0 1.0008000135421753 0.0 1.330427624E12 63090.197883521
142 10.644728355109692 43.66921755485237 0.0 0.0 1.063349962234497 359.0 1.330427625E12 63091.205593438
143 10.644728019833565 43.669227571226656 0.0 0.0 1.063349962234497 359.0 1.330427626E12 63092.189085396
144 10.644727936014533 43.66923754569143 0.0 0.0 1.0008000135421753 0.0 1.330427627E12 63093.233336146
145 10.644728019833565 43.66924743633717 0.0 0.0 1.063349962234497 0.0 1.330427628E12 63094.23830723
146 10.644727097824216 43.66925799753517 0.0 0.0 1.1259000301361084 358.0 1.330427629E12 63095.253269396
147 10.64472584053874 43.66926788818091 0.0 0.0 1.1259000301361084 358.0 1.33042763E12 63096.182000562
148 10.644726091995835 43.669277862645686 0.0 0.0 1.1259000301361084 0.0 1.330427631E12 63097.223490896
149 10.644727936014533 43.6692874180153 0.0 0.0 1.063349962234497 2.0 1.330427632E12 63098.210973688
150 10.644728187471628 43.669297895394266 0.0 0.0 1.063349962234497 1.0 1.330427633E12 63099.205660146
151 10.644727516919374 43.669307702220976 0.0 0.0 1.063349962234497 0.0 1.330427634E12 63100.241374147
152 10.644727516919374 43.66931776050478 0.0 0.0 1.063349962234497 1.0 1.330427635E12 63101.236651647
153 10.644727516919374 43.669327860698104 0.0 0.0 1.063349962234497 0.0 1.330427636E12 63102.274297813
154 10.644727349281311 43.66933770943433 0.0 0.0 1.063349962234497 0.0 1.330427637E12 63103.311603187
155 10.644728103652596 43.66934760008007 0.0 0.0 1.063349962234497 1.0 1.330427638E12 63104.176635271
156 10.64472877420485 43.66935753263533 0.0 0.0 1.063349962234497 2.0 1.330427639E12 63105.18813848
157 10.644729193300009 43.669367423281074 0.0 0.0 1.0008000135421753 3.0 1.33042764E12 63106.209240688
158 10.644729360938072 43.66937735583633 0.0 0.0 1.063349962234497 2.0 1.330427641E12 63107.239283396
159 10.644729109480977 43.66938691120595 0.0 0.0 1.0008000135421753 1.0 1.330427642E12 63108.268464688
160 10.644728690385818 43.66939671803266 0.0 0.0 1.063349962234497 1.0 1.330427643E12 63109.181720521
161 10.644727181643248 43.66940824314952 0.0 0.0 1.2510000467300415 0.0 1.330427644E12 63110.248599687
162 10.64472483471036 43.66942127700895 0.0 0.0 1.3135499954223633 356.0 1.330427645E12 63111.263932021
163 10.644725002348423 43.669431754387915 0.0 0.0 1.1884499788284302 358.0 1.330427646E12 63112.169496771
164 10.644725505262613 43.66944214794785 0.0 0.0 1.063349962234497 1.0 1.330427647E12 63113.162381605
165 10.64472634345293 43.66945124231279 0.0 0.0 1.063349962234497 4.0 1.330427648E12 63114.211346688
166 10.644728522747755 43.669462306424975 0.0 0.0 1.1259000301361084 7.0 1.330427649E12 63115.22892023
167 10.644730450585485 43.66947278380394 0.0 0.0 1.1259000301361084 8.0 1.33042765E12 63116.191003563
168 10.644729696214199 43.669486781582236 0.0 0.0 1.3135499954223633 7.0 1.330427651E12 63117.184605688
169 10.64472827129066 43.6695043835789 0.0 0.0 1.1259000301361084 358.0 1.330427653E12 63119.280374021
170 10.644722655415535 43.66951657924801 0.0 0.0 1.3135499954223633 352.0 1.330427654E12 63120.203585855
171 10.644718296825886 43.66952508687973 0.0 0.0 1.2510000467300415 348.0 1.330427655E12 63121.228500813
172 10.644710920751095 43.6695342650637 0.0 0.0 1.2510000467300415 343.0 1.330427656E12 63122.199861104
173 10.644702119752765 43.66954470053315 0.0 0.0 1.3135499954223633 339.0 1.330427657E12 63123.174290896
174 10.644695749506354 43.66955421399325 0.0 0.0 1.1884499788284302 339.0 1.330427658E12 63124.187394521
175 10.644689127802849 43.66956343408674 0.0 0.0 1.1259000301361084 338.0 1.330427659E12 63125.216114272
176 10.644682506099343 43.66957286372781 0.0 0.0 1.1259000301361084 338.0 1.33042766E12 63126.248750355
177 10.644674627110362 43.669581287540495 0.0 0.0 1.063349962234497 335.0 1.330427661E12 63127.180130646
178 10.644666664302349 43.66959033999592 0.0 0.0 1.1259000301361084 336.0 1.330427662E12 63128.198594563
179 10.644662640988827 43.66959914099425 0.0 0.0 1.063349962234497 335.0 1.330427663E12 63129.279727938
180 10.644654678180814 43.66960928309709 0.0 0.0 1.1259000301361084 334.0 1.330427664E12 63130.200536521
181 10.644646631553769 43.66961732972413 0.0 0.0 1.1259000301361084 332.0 1.330427665E12 63131.227535062
182 10.64463104121387 43.66963195614517 0.0 0.0 1.063349962234497 329.0 1.330427667E12 63133.250379771
183 10.644622072577477 43.669640086591244 0.0 0.0 1.063349962234497 329.0 1.330427668E12 63134.285193854
184 10.644614361226559 43.66964733693749 0.0 0.0 1.1259000301361084 328.0 1.330427669E12 63135.189431854
185 10.644604470580816 43.669655844569206 0.0 0.0 1.1884499788284302 325.0 1.33042767E12 63136.229350562
186 10.644594663754106 43.669661711901426 0.0 0.0 1.063349962234497 321.0 1.330427671E12 63137.234952313
187 10.644584856927395 43.66966762114316 0.0 0.0 1.0008000135421753 318.0 1.330427672E12 63138.298910146
188 10.644574631005526 43.66967298556119 0.0 0.0 1.0008000135421753 315.0 1.330427673E12 63139.195114229
189 10.644563734531403 43.66967767942697 0.0 0.0 1.0008000135421753 311.0 1.330427674E12 63140.22168498
190 10.644554095342755 43.669683588668704 0.0 0.0 1.1259000301361084 313.0 1.330427675E12 63141.230795812
191 10.64454453997314 43.66969088092446 0.0 0.0 1.1259000301361084 315.0 1.330427676E12 63142.189621604
192 10.644533894956112 43.66969695780426 0.0 0.0 1.1259000301361084 315.0 1.330427677E12 63143.170568979
193 10.644512521103024 43.66970810573548 0.0 0.0 1.063349962234497 310.0 1.330427679E12 63145.205882397
194 10.644501121714711 43.66971309296787 0.0 0.0 1.0008000135421753 307.0 1.33042768E12 63146.228533396
195 10.644490057602525 43.66971883457154 0.0 0.0 1.063349962234497 307.0 1.330427681E12 63147.25855298
196 10.644477987661958 43.66972327698022 0.0 0.0 1.1259000301361084 304.0 1.330427682E12 63148.19509898
197 10.644466588273644 43.66972721647471 0.0 0.0 1.0008000135421753 301.0 1.330427683E12 63149.230868229
198 10.644444124773145 43.66973555646837 0.0 0.0 1.0008000135421753 296.0 1.330427685E12 63151.200350479
199 10.644430294632912 43.669739537872374 0.0 0.0 1.1259000301361084 294.0 1.330427686E12 63152.200436397
200 10.644415374845266 43.669743477366865 0.0 0.0 1.1259000301361084 292.0 1.330427687E12 63153.234134729
201 10.644402215257287 43.66974703967571 0.0 0.0 1.0008000135421753 293.0 1.330427688E12 63154.256620688
202 10.64438872039318 43.669749847613275 0.0 0.0 0.9382500052452087 291.0 1.330427689E12 63155.272188438
203 10.644374638795853 43.669752571731806 0.0 0.0 1.1259000301361084 291.0 1.33042769E12 63156.210141021
204 10.644359467551112 43.6697554634884 0.0 0.0 1.1259000301361084 289.0 1.330427691E12 63157.226499563
205 10.644344547763467 43.66975709795952 0.0 0.0 1.063349962234497 286.0 1.330427692E12 63158.245976688
206 10.64433004707098 43.669757433235645 0.0 0.0 1.0008000135421753 283.0 1.330427693E12 63159.271402605
207 10.64431537874043 43.66975760087371 0.0 0.0 1.063349962234497 279.0 1.330427694E12 63160.182637188
208 10.64430071040988 43.66975705605 0.0 0.0 1.063349962234497 276.0 1.330427695E12 63161.192647813
209 10.644287299364805 43.66975726559758 0.0 0.0 1.0008000135421753 274.0 1.330427696E12 63162.218870104
210 10.644274558871984 43.66975797805935 0.0 0.0 0.9382500052452087 273.0 1.330427697E12 63163.277804229
211 10.644261483103037 43.66975848097354 0.0 0.0 1.0008000135421753 274.0 1.330427698E12 63164.296181313
212 10.644246144220233 43.66975726559758 0.0 0.0 1.1884499788284302 270.0 1.330427699E12 63165.190014897
213 10.644232146441936 43.66975554730743 0.0 0.0 1.1259000301361084 267.0 1.3304277E12 63166.24230723
214 10.644217394292355 43.669753493741155 0.0 0.0 1.1259000301361084 264.0 1.330427701E12 63167.260275188
215 10.644203061237931 43.6697512306273 0.0 0.0 1.1259000301361084 263.0 1.330427702E12 63168.192424979
216 10.644189231097698 43.669750643894076 0.0 0.0 1.0008000135421753 264.0 1.330427703E12 63169.215291105
217 10.644176239147782 43.66974917706102 0.0 0.0 1.0008000135421753 263.0 1.330427704E12 63170.278378355
218 10.644162576645613 43.66974632721394 0.0 0.0 1.1259000301361084 261.0 1.330427705E12 63171.26847473
219 10.644150339066982 43.66974280681461 0.0 0.0 1.063349962234497 256.0 1.330427706E12 63172.195616022
220 10.644138604402542 43.669738322496414 0.0 0.0 1.063349962234497 254.0 1.330427707E12 63173.195392729
221 10.644124271348119 43.6697348440066 0.0 0.0 1.063349962234497 254.0 1.330427708E12 63174.210091105
222 10.644110357388854 43.669732455164194 0.0 0.0 0.9382500052452087 253.0 1.330427709E12 63175.245226188
223 10.64408621750772 43.6697269231081 0.0 0.0 1.063349962234497 252.0 1.330427711E12 63177.228518105
224 10.644073393195868 43.669723151251674 0.0 0.0 0.9382500052452087 250.0 1.330427712E12 63178.245865104
225 10.644060652703047 43.66971870884299 0.0 0.0 1.063349962234497 249.0 1.330427713E12 63179.191406355
226 10.644048415124416 43.669714224524796 0.0 0.0 1.063349962234497 247.0 1.330427714E12 63180.244053688
227 10.644034668803215 43.66970911156386 0.0 0.0 1.1259000301361084 243.0 1.330427715E12 63181.291622355
228 10.644022934138775 43.669702908955514 0.0 0.0 1.063349962234497 239.0 1.330427716E12 63182.173018063
229 10.644011534750462 43.66969892755151 0.0 0.0 1.0008000135421753 238.0 1.330427717E12 63183.198859146
230 10.64398747868836 43.669693185947835 0.0 0.0 1.0008000135421753 241.0 1.330427719E12 63185.288897854
231 10.643975157290697 43.6696899170056 0.0 0.0 1.1259000301361084 239.0 1.33042772E12 63186.280286272
232 10.643963254988194 43.66968513932079 0.0 0.0 1.1259000301361084 237.0 1.330427721E12 63187.188108938
233 10.643952442333102 43.66967990063131 0.0 0.0 1.063349962234497 234.0 1.330427722E12 63188.265774562
234 10.64394154585898 43.669674578122795 0.0 0.0 1.1259000301361084 234.0 1.330427723E12 63189.26335823
235 10.643930062651634 43.66967038717121 0.0 0.0 1.063349962234497 234.0 1.330427724E12 63190.184643229
236 10.643909778445959 43.669660706073046 0.0 0.0 1.063349962234497 232.0 1.330427726E12 63192.326783605
237 10.643899887800217 43.6696545034647 0.0 0.0 1.063349962234497 228.0 1.330427727E12 63193.264285479
238 10.643890500068665 43.66964758839458 0.0 0.0 1.1259000301361084 226.0 1.330427728E12 63194.284568062
239 10.64388195052743 43.669640170410275 0.0 0.0 1.063349962234497 223.0 1.330427729E12 63195.211288396
240 10.64387415535748 43.66963275242597 0.0 0.0 1.063349962234497 220.0 1.33042773E12 63196.24195548
241 10.643866192549467 43.66962525062263 0.0 0.0 1.1259000301361084 219.0 1.330427731E12 63197.168084355
242 10.643858397379518 43.669617120176554 0.0 0.0 1.063349962234497 217.0 1.330427732E12 63198.214370646
243 10.643851775676012 43.66960907354951 0.0 0.0 1.063349962234497 215.0 1.330427733E12 63199.206786146
244 10.643844231963158 43.669601110741496 0.0 0.0 1.063349962234497 216.0 1.330427734E12 63200.243205396
245 10.643836604431272 43.66959335748106 0.0 0.0 1.063349962234497 216.0 1.330427735E12 63201.256155645
246 10.643829563632607 43.66958531085402 0.0 0.0 1.063349962234497 214.0 1.330427736E12 63202.280727063
247 10.643823193386197 43.66957730613649 0.0 0.0 1.0008000135421753 212.0 1.330427737E12 63203.197809105
248 10.64381062053144 43.66956230252981 0.0 0.0 1.063349962234497 211.0 1.330427739E12 63205.336247229
249 10.643803915008903 43.66955320816487 0.0 0.0 1.063349962234497 209.0 1.33042774E12 63206.287751521
250 10.643798969686031 43.669543652795255 0.0 0.0 1.063349962234497 205.0 1.330427741E12 63207.21554623
251 10.64379452727735 43.669534055516124 0.0 0.0 1.063349962234497 203.0 1.330427742E12 63208.272260313
252 10.643790420144796 43.66952441632748 0.0 0.0 1.063349962234497 202.0 1.330427743E12 63209.194131229
253 10.643786145374179 43.669514819048345 0.0 0.0 1.1259000301361084 200.0 1.330427744E12 63210.266521438
254 10.643781451508403 43.669505724683404 0.0 0.0 1.063349962234497 200.0 1.330427745E12 63211.265091271
255 10.64377742819488 43.669496420770884 0.0 0.0 1.063349962234497 198.0 1.330427746E12 63212.308131313
256 10.6437695492059 43.66947886068374 0.0 0.0 1.0008000135421753 199.0 1.330427748E12 63214.206831438
257 10.643766112625599 43.66947018541396 0.0 0.0 0.9382500052452087 198.0 1.330427749E12 63215.251728896
258 10.643763430416584 43.669449775479734 0.0 0.0 1.1259000301361084 192.0 1.330427751E12 63217.237363105
259 10.643762927502394 43.6694377893582 0.0 0.0 1.1259000301361084 190.0 1.330427752E12 63218.28294048
260 10.643762424588203 43.669425887055695 0.0 0.0 1.3135499954223633 187.0 1.330427753E12 63219.232828896
261 10.643763095140457 43.66941482294351 0.0 0.0 1.1259000301361084 184.0 1.330427754E12 63220.245758105
262 10.643764939159155 43.66940354928374 0.0 0.0 1.063349962234497 181.0 1.330427755E12 63221.19495602
263 10.643764939159155 43.66939407773316 0.0 0.0 1.063349962234497 181.0 1.330427756E12 63222.234509604
264 10.64376468770206 43.66938355844468 0.0 0.0 1.0008000135421753 181.0 1.330427757E12 63223.255834772
265 10.64376569353044 43.669372368603945 0.0 0.0 1.1259000301361084 179.0 1.330427758E12 63224.303847104
266 10.643766866996884 43.66936180740595 0.0 0.0 1.1259000301361084 177.0 1.330427759E12 63225.18529223
267 10.64376862719655 43.66935120429844 0.0 0.0 1.1259000301361084 176.0 1.33042776E12 63226.240644855
268 10.643769213929772 43.669340601190925 0.0 0.0 1.1259000301361084 176.0 1.330427761E12 63227.177971271
269 10.643769800662994 43.669329872354865 0.0 0.0 1.063349962234497 177.0 1.330427762E12 63228.219009188
270 10.643769968301058 43.66931889206171 0.0 0.0 1.063349962234497 178.0 1.330427763E12 63229.245668647
271 10.64377055503428 43.669307827949524 0.0 0.0 1.063349962234497 178.0 1.330427764E12 63230.279529604
272 10.64377156086266 43.669296889565885 0.0 0.0 1.1259000301361084 178.0 1.330427765E12 63231.209397396
273 10.6437729857862 43.669284651987255 0.0 0.0 1.2510000467300415 178.0 1.330427766E12 63232.186766605
274 10.643773656338453 43.669272917322814 0.0 0.0 1.1259000301361084 178.0 1.330427767E12 63233.299958979
275 10.64377449452877 43.66926160175353 0.0 0.0 1.1884499788284302 177.0 1.330427768E12 63234.246559563
276 10.643776003271341 43.66925070527941 0.0 0.0 1.1884499788284302 176.0 1.330427769E12 63235.29763548
277 10.643777344375849 43.66923964116722 0.0 0.0 1.1259000301361084 175.0 1.33042777E12 63236.296890105
278 10.643777763471007 43.66922903805971 0.0 0.0 1.1884499788284302 177.0 1.330427771E12 63237.186567105
279 10.643778098747134 43.669218895956874 0.0 0.0 1.1259000301361084 177.0 1.330427772E12 63238.221472105
280 10.64377935603261 43.669208753854036 0.0 0.0 1.1259000301361084 176.0 1.330427773E12 63239.248568813
281 10.643780194222927 43.66919789928943 0.0 0.0 1.1259000301361084 176.0 1.330427774E12 63240.281145188
282 10.643778685480356 43.669186709448695 0.0 0.0 1.1884499788284302 180.0 1.330427775E12 63241.314923229
283 10.643781702965498 43.669175393879414 0.0 0.0 1.3135499954223633 174.0 1.330427776E12 63242.213244355
284 10.64378421753645 43.66916550323367 0.0 0.0 1.1884499788284302 172.0 1.330427777E12 63243.254621562
285 10.643787989392877 43.66915238555521 0.0 0.0 1.376099944114685 170.0 1.330427778E12 63244.28671248
286 10.643793269991875 43.669139351695776 0.0 0.0 1.4386500120162964 168.0 1.330427779E12 63245.24111173
287 10.643799053505063 43.66912686266005 0.0 0.0 1.376099944114685 165.0 1.33042778E12 63246.206054813
288 10.643801484256983 43.669115798547864 0.0 0.0 1.3135499954223633 165.0 1.330427781E12 63247.253643188
289 10.643800981342793 43.669104860164225 0.0 0.0 1.2510000467300415 166.0 1.330427782E12 63248.280021271
290 10.643798215314746 43.66909367032349 0.0 0.0 1.2510000467300415 169.0 1.330427783E12 63249.204225271
291 10.643787486478686 43.66908243857324 0.0 0.0 1.1259000301361084 174.0 1.330427785E12 63251.368638688
292 10.643782205879688 43.66907183546573 0.0 0.0 1.1259000301361084 177.0 1.330427787E12 63253.219275521
293 10.643782541155815 43.66905410774052 0.0 0.0 1.063349962234497 179.0 1.330427789E12 63255.202614105
294 10.64378279261291 43.66903562564403 0.0 0.0 1.1884499788284302 175.0 1.330427791E12 63257.249943104
295 10.643780697137117 43.669025734998286 0.0 0.0 1.1884499788284302 178.0 1.330427792E12 63258.304210104
296 10.64378128387034 43.669015215709805 0.0 0.0 1.1884499788284302 179.0 1.330427793E12 63259.214972104
297 10.643780780956149 43.66900402586907 0.0 0.0 1.063349962234497 178.0 1.330427794E12 63260.257661604
298 10.64378228969872 43.668993674218655 0.0 0.0 1.1259000301361084 179.0 1.330427795E12 63261.289771271
299 10.64378178678453 43.66898319683969 0.0 0.0 1.1259000301361084 178.0 1.330427796E12 63262.159731188
300 10.643782038241625 43.66897259373218 0.0 0.0 1.1259000301361084 178.0 1.330427797E12 63263.193548313
301 10.643782205879688 43.66896136198193 0.0 0.0 1.1884499788284302 178.0 1.330427798E12 63264.206307438
302 10.643783127889037 43.66894929204136 0.0 0.0 1.1259000301361084 179.0 1.330427799E12 63265.215847188
303 10.643785474821925 43.66893785074353 0.0 0.0 1.1884499788284302 178.0 1.3304278E12 63266.265664272
304 10.643785810098052 43.66892707999796 0.0 0.0 1.063349962234497 180.0 1.330427801E12 63267.166514146
305 10.643784888088703 43.66891672834754 0.0 0.0 1.1259000301361084 181.0 1.330427802E12 63268.21254348
306 10.643783546984196 43.668904826045036 0.0 0.0 1.2510000467300415 182.0 1.330427803E12 63269.25666623
307 10.643782960250974 43.668892295099795 0.0 0.0 1.2510000467300415 182.0 1.330427804E12 63270.259852813
308 10.643782876431942 43.66888181772083 0.0 0.0 1.063349962234497 181.0 1.330427805E12 63271.192854646
309 10.64378421753645 43.66887284908444 0.0 0.0 1.0008000135421753 179.0 1.330427806E12 63272.234917771
310 10.643783630803227 43.668863251805305 0.0 0.0 1.1259000301361084 179.0 1.330427807E12 63273.263835229
311 10.643783379346132 43.66885264869779 0.0 0.0 1.1259000301361084 178.0 1.330427808E12 63274.182389147
312 10.643783546984196 43.66883458569646 0.0 0.0 1.063349962234497 177.0 1.33042781E12 63276.335515313
313 10.643785055726767 43.668824695050716 0.0 0.0 1.063349962234497 176.0 1.330427811E12 63277.172486355
314 10.643784385174513 43.66881421767175 0.0 0.0 1.1259000301361084 180.0 1.330427812E12 63278.184555312
315 10.643782205879688 43.66880348883569 0.0 0.0 1.1884499788284302 180.0 1.330427813E12 63279.226104396
316 10.643781367689371 43.66879250854254 0.0 0.0 1.1884499788284302 180.0 1.330427814E12 63280.263407605
317 10.643781367689371 43.668781612068415 0.0 0.0 1.1884499788284302 178.0 1.330427815E12 63281.304061646
318 10.643779942765832 43.66877163760364 0.0 0.0 1.1884499788284302 180.0 1.330427816E12 63282.253218313
319 10.643779439851642 43.66876216605306 0.0 0.0 1.063349962234497 180.0 1.330427817E12 63283.205968188
320 10.643779439851642 43.66875269450247 0.0 0.0 1.063349962234497 179.0 1.330427818E12 63284.297908771
321 10.6437798589468 43.66874313913286 0.0 0.0 1.063349962234497 179.0 1.330427819E12 63285.206099313
322 10.643781619146466 43.668733458034694 0.0 0.0 1.063349962234497 178.0 1.33042782E12 63286.196810313
323 10.64378279261291 43.66872335784137 0.0 0.0 1.1259000301361084 178.0 1.330427821E12 63287.263783063
324 10.643783127889037 43.66871367674321 0.0 0.0 1.063349962234497 178.0 1.330427822E12 63288.205314104
325 10.643782960250974 43.668704205192626 0.0 0.0 1.063349962234497 179.0 1.330427823E12 63289.242206771
326 10.643783630803227 43.66869494318962 0.0 0.0 1.0008000135421753 177.0 1.330427824E12 63290.261056522
