8 10.643882872536778 43.66870495956391 0.0 0.0 0.5004000067710876 208.0 1.33061107E12 1268.204257587
9 10.643872143700719 43.66871476639062 0.0 0.0 0.4378499984741211 294.0 1.330611073E12 1271.161212628
10 10.643862336874008 43.66872176527977 0.0 0.0 0.1251000016927719 315.0 1.330611075E12 1273.165682754
11 10.643843561410904 43.668729895725846 0.0 0.0 0.8131499886512756 276.0 1.330611079E12 1277.18881242
12 10.64383115619421 43.66872034035623 0.0 0.0 0.8131499886512756 235.0 1.330611081E12 1279.644923712
13 10.643826378509402 43.66871082689613 0.0 0.0 0.8131499886512756 225.0 1.330611082E12 1280.146192004
14 10.643814308568835 43.66869829595089 0.0 0.0 0.7506000399589539 211.0 1.330611084E12 1282.29688242
15 10.643813302740455 43.66868890821934 0.0 0.0 0.8131499886512756 199.0 1.330611085E12 1283.203536087
16 10.643811961635947 43.66867989767343 0.0 0.0 0.8131499886512756 194.0 1.330611086E12 1284.224815253
17 10.64381112344563 43.66866418160498 0.0 0.0 0.6880499720573425 191.0 1.330611088E12 1286.326474254
18 10.643804082646966 43.668650896288455 0.0 0.0 0.6880499720573425 189.0 1.330611091E12 1289.171261795
19 10.643806932494044 43.66863220464438 0.0 0.0 0.8756999969482422 181.0 1.330611093E12 1291.170348045
20 10.643806429579854 43.668621559627354 0.0 0.0 0.8131499886512756 178.0 1.330611094E12 1292.20771442
21 10.643806094303727 43.668611543253064 0.0 0.0 0.4378499984741211 180.0 1.330611096E12 1294.159070879
22 10.643808860331774 43.66859779693186 0.0 0.0 0.5629500150680542 175.0 1.330611098E12 1296.310641753
23 10.64381699077785 43.66858660709113 0.0 0.0 0.5629500150680542 164.0 1.3306111E12 1298.223937879
24 10.643829898908734 43.668567119166255 0.0 0.0 0.9382500052452087 162.0 1.330611102E12 1300.207350504
25 10.643837861716747 43.66855580359697 0.0 0.0 0.8756999969482422 158.0 1.330611103E12 1301.233485379
26 10.643851775676012 43.66854063235223 0.0 0.0 1.063349962234497 153.0 1.330611104E12 1302.165747712
27 10.643864264711738 43.66852738894522 0.0 0.0 1.0008000135421753 150.0 1.330611105E12 1303.175472795
28 10.643875831738114 43.66851234342903 0.0 0.0 1.063349962234497 149.0 1.330611106E12 1304.21832392
29 10.643897708505392 43.66848858073354 0.0 0.0 1.0008000135421753 146.0 1.330611107E12 1305.303939129
30 10.643929475918412 43.668463015928864 0.0 0.0 1.1259000301361084 142.0 1.330611108E12 1306.204079337
31 10.64395822584629 43.668440133333206 0.0 0.0 1.376099944114685 140.0 1.330611109E12 1307.224579587
32 10.643983706831932 43.668421022593975 0.0 0.0 1.376099944114685 137.0 1.33061111E12 1308.26501017
33 10.64400365576148 43.668409078381956 0.0 0.0 1.376099944114685 136.0 1.330611111E12 1309.273212504
34 10.644018407911062 43.668402917683125 0.0 0.0 1.1259000301361084 135.0 1.330611112E12 1310.207857254
35 10.644033243879676 43.66839658934623 0.0 0.0 0.9382500052452087 134.0 1.330611113E12 1311.201385837
36 10.644048498943448 43.668387536890805 0.0 0.0 1.1259000301361084 134.0 1.330611114E12 1312.259505962
37 10.644065430387855 43.66837613750249 0.0 0.0 1.2510000467300415 136.0 1.330611115E12 1313.384330587
38 10.644083619117737 43.66836855188012 0.0 0.0 1.3135499954223633 134.0 1.330611116E12 1314.256667087
39 10.644102143123746 43.668363648466766 0.0 0.0 1.2510000467300415 129.0 1.330611117E12 1315.312241879
40 10.644120834767818 43.66835928987712 0.0 0.0 1.2510000467300415 123.0 1.330611118E12 1316.18267192
41 10.644138855859637 43.668353338725865 0.0 0.0 1.1259000301361084 120.0 1.330611119E12 1317.195794378
42 10.644164755940437 43.66834156215191 0.0 0.0 1.2510000467300415 119.0 1.33061112E12 1318.310956837
43 10.644190236926079 43.668329576030374 0.0 0.0 1.3135499954223633 120.0 1.330611121E12 1319.279787087
44 10.644215131178498 43.66831654217094 0.0 0.0 1.4386500120162964 119.0 1.330611122E12 1320.262289795
45 10.6442391872406 43.668305394239724 0.0 0.0 1.4386500120162964 119.0 1.330611123E12 1321.193459462
46 10.644258968532085 43.66829919163138 0.0 0.0 1.376099944114685 118.0 1.330611124E12 1322.228253212
47 10.644277408719063 43.6682918574661 0.0 0.0 1.376099944114685 119.0 1.330611125E12 1323.270391087
48 10.644294675439596 43.66828531958163 0.0 0.0 1.3135499954223633 118.0 1.330611126E12 1324.276815879
49 10.64431143924594 43.668282302096486 0.0 0.0 1.1259000301361084 112.0 1.330611127E12 1325.171787045
50 10.644340692088008 43.66827882360667 0.0 0.0 1.1259000301361084 106.0 1.330611129E12 1327.306787629
51 10.644356533885002 43.66827668622136 0.0 0.0 1.2510000467300415 101.0 1.33061113E12 1328.289515837
52 10.644373297691345 43.66827459074557 0.0 0.0 1.2510000467300415 100.0 1.330611131E12 1329.179014879
53 10.644388133659959 43.66827304009348 0.0 0.0 1.1884499788284302 98.0 1.330611132E12 1330.215155795
54 10.644402718171477 43.66827509365976 0.0 0.0 1.1884499788284302 94.0 1.330611133E12 1331.22866142
55 10.644420990720391 43.66827844642103 0.0 0.0 1.3135499954223633 91.0 1.330611134E12 1332.256337629
56 10.644437922164798 43.66828012280166 0.0 0.0 1.1884499788284302 90.0 1.330611135E12 1333.188599879
57 10.644453428685665 43.668281799182296 0.0 0.0 1.1884499788284302 88.0 1.330611136E12 1334.251742379
58 10.644470863044262 43.6682849843055 0.0 0.0 1.1884499788284302 87.0 1.330611137E12 1335.24612792
59 10.644487040117383 43.668286157771945 0.0 0.0 1.1259000301361084 85.0 1.330611138E12 1336.274263212
60 10.644503720104694 43.66828896570951 0.0 0.0 1.2510000467300415 82.0 1.330611139E12 1337.19673992
61 10.644519561901689 43.668291312642395 0.0 0.0 1.1259000301361084 81.0 1.33061114E12 1338.213041837
62 10.644534649327397 43.66829399485141 0.0 0.0 1.1259000301361084 79.0 1.330611141E12 1339.281867712
63 10.64454940147698 43.668297096155584 0.0 0.0 1.063349962234497 79.0 1.330611142E12 1340.203940545
64 10.644564153626561 43.66830078419298 0.0 0.0 1.1259000301361084 76.0 1.330611143E12 1341.193099379
65 10.644576475024223 43.66830342449248 0.0 0.0 1.1259000301361084 75.0 1.330611144E12 1342.23948142
66 10.644588796421885 43.6683084955439 0.0 0.0 1.1259000301361084 72.0 1.330611145E12 1343.291692879
67 10.644604219123721 43.6683145724237 0.0 0.0 1.3135499954223633 69.0 1.330611146E12 1344.188783087
68 10.644618971273303 43.668321780860424 0.0 0.0 1.3135499954223633 66.0 1.330611147E12 1345.219640837
69 10.644632130861282 43.668327732011676 0.0 0.0 1.2510000467300415 62.0 1.330611148E12 1346.275555462
70 10.644646883010864 43.668333305977285 0.0 0.0 1.376099944114685 62.0 1.330611149E12 1347.182577629
71 10.644660461694002 43.668341604061425 0.0 0.0 1.4386500120162964 57.0 1.33061115E12 1348.203272212
72 10.644674208015203 43.668350111693144 0.0 0.0 1.376099944114685 54.0 1.330611151E12 1349.252153837
73 10.64468719996512 43.6683566076681 0.0 0.0 1.1884499788284302 52.0 1.330611152E12 1350.277761337
74 10.644703628495336 43.66836067289114 0.0 0.0 1.3135499954223633 53.0 1.330611153E12 1351.170848628
75 10.644721314311028 43.66836662404239 0.0 0.0 1.3135499954223633 52.0 1.330611154E12 1352.215931378
76 10.644735060632229 43.66837383247912 0.0 0.0 1.1259000301361084 48.0 1.330611155E12 1353.182650004
77 10.6447468791157 43.668381376191974 0.0 0.0 1.1259000301361084 44.0 1.330611156E12 1354.185230212
78 10.644760457798839 43.66838933899999 0.0 0.0 1.2510000467300415 41.0 1.330611157E12 1355.243488379
79 10.644771438091993 43.668398559093475 0.0 0.0 1.3135499954223633 38.0 1.330611158E12 1356.292395795
80 10.644781915470958 43.668407863005996 0.0 0.0 1.1884499788284302 36.0 1.330611159E12 1357.210636795
81 10.644792560487986 43.66841846611351 0.0 0.0 1.3135499954223633 35.0 1.33061116E12 1358.26482942
82 10.644805300980806 43.66842793766409 0.0 0.0 1.2510000467300415 34.0 1.330611161E12 1359.263171962
83 10.644814353436232 43.668438331224024 0.0 0.0 1.3135499954223633 32.0 1.330611162E12 1360.293126837
84 10.644823908805847 43.668446629308164 0.0 0.0 1.1884499788284302 30.0 1.330611163E12 1361.193165712
85 10.644836146384478 43.66845605894923 0.0 0.0 1.1884499788284302 30.0 1.330611164E12 1362.261554129
86 10.644846623763442 43.66846326738596 0.0 0.0 1.1884499788284302 29.0 1.330611165E12 1363.280090337
87 10.644855927675962 43.66847349330783 0.0 0.0 1.2510000467300415 28.0 1.330611166E12 1364.17832317
88 10.644864812493324 43.66848581470549 0.0 0.0 1.1884499788284302 27.0 1.330611167E12 1365.222081129
89 10.644873026758432 43.668499016202986 0.0 0.0 1.3135499954223633 23.0 1.330611168E12 1366.248240462
90 10.644880486652255 43.66850940976292 0.0 0.0 1.3135499954223633 20.0 1.330611169E12 1367.25735492
91 10.644887024536729 43.66852185688913 0.0 0.0 1.4386500120162964 18.0 1.33061117E12 1368.18342617
92 10.644893227145076 43.66853354964405 0.0 0.0 1.2510000467300415 17.0 1.330611171E12 1369.220540295
93 10.64489783719182 43.668545871041715 0.0 0.0 1.2510000467300415 16.0 1.330611172E12 1370.264917295
94 10.644899681210518 43.66856129374355 0.0 0.0 1.4386500120162964 14.0 1.330611173E12 1371.191628754
95 10.644900938495994 43.66857575252652 0.0 0.0 1.376099944114685 11.0 1.330611174E12 1372.203514712
96 10.644903369247913 43.66859063040465 0.0 0.0 1.5637500286102295 9.0 1.330611175E12 1373.252001754
97 10.64490471035242 43.66860458627343 0.0 0.0 1.4386500120162964 7.0 1.330611176E12 1374.250492504
98 10.644906051456928 43.66861753631383 0.0 0.0 1.376099944114685 6.0 1.330611177E12 1375.288043629
99 10.64490714110434 43.668631576001644 0.0 0.0 1.4386500120162964 4.0 1.330611178E12 1376.18422017
100 10.644905883818865 43.66864565759897 0.0 0.0 1.376099944114685 2.0 1.330611179E12 1377.20020467
101 10.644905464723706 43.668658272363245 0.0 0.0 1.2510000467300415 1.0 1.33061118E12 1378.223180837
102 10.64490663819015 43.668671012856066 0.0 0.0 1.3135499954223633 1.0 1.330611181E12 1379.269067504
103 10.644907895475626 43.66868425626308 0.0 0.0 1.3135499954223633 1.0 1.330611182E12 1380.186001462
104 10.644909152761102 43.66869708057493 0.0 0.0 1.3135499954223633 1.0 1.330611183E12 1381.18677167
105 10.644909152761102 43.66872088517994 0.0 0.0 1.4386500120162964 0.0 1.330611184E12 1382.20740792
106 10.644908314570785 43.66874024737626 0.0 0.0 1.5012000799179077 0.0 1.330611185E12 1383.235636712
107 10.644910158589482 43.66875152103603 0.0 0.0 1.2510000467300415 1.0 1.330611186E12 1384.217510629
108 10.644909907132387 43.66876216605306 0.0 0.0 1.0008000135421753 0.0 1.330611187E12 1385.203993545
109 10.644907727837563 43.668774529360235 0.0 0.0 1.1884499788284302 359.0 1.330611188E12 1386.174475253
110 10.644905799999833 43.66878689266741 0.0 0.0 1.1884499788284302 359.0 1.330611189E12 1387.205951378
111 10.644903117790818 43.66880101617426 0.0 0.0 1.3135499954223633 359.0 1.33061119E12 1388.259914545
112 10.644900687038898 43.66881639696658 0.0 0.0 1.3135499954223633 358.0 1.330611191E12 1389.267005879
113 10.644899345934391 43.66882909554988 0.0 0.0 1.2510000467300415 357.0 1.330611192E12 1390.201490795
114 10.644897669553757 43.66884267423302 0.0 0.0 1.376099944114685 356.0 1.330611193E12 1391.211874629
115 10.644895154982805 43.668857300654054 0.0 0.0 1.376099944114685 355.0 1.330611194E12 1392.24043492
116 10.644896412268281 43.66887066978961 0.0 0.0 1.376099944114685 358.0 1.330611195E12 1393.285245254
117 10.644898591563106 43.66888382937759 0.0 0.0 1.376099944114685 1.0 1.330611196E12 1394.171564295
118 10.644898172467947 43.668897952884436 0.0 0.0 1.376099944114685 0.0 1.330611197E12 1395.224867545
119 10.64489834010601 43.66891480050981 0.0 0.0 1.4386500120162964 0.0 1.330611198E12 1396.266678837
120 10.644898256286979 43.668931438587606 0.0 0.0 1.5012000799179077 0.0 1.330611199E12 1397.185610003
121 10.644899597391486 43.6689454363659 0.0 0.0 1.6262999773025513 0.0 1.3306112E12 1398.178790212
122 10.644898088648915 43.668959769420326 0.0 0.0 1.5637500286102295 359.0 1.330611201E12 1399.205714754
123 10.644897669553757 43.66897225845605 0.0 0.0 1.376099944114685 0.0 1.330611202E12 1400.21853592
124 10.64489590935409 43.66898504085839 0.0 0.0 1.3135499954223633 359.0 1.330611203E12 1401.28361142
125 10.644895154982805 43.6689972365275 0.0 0.0 1.376099944114685 0.0 1.330611204E12 1402.193410879
126 10.644893562421203 43.66900959983468 0.0 0.0 1.3135499954223633 0.0 1.330611205E12 1403.205022504
127 10.64489440061152 43.66902016103268 0.0 0.0 1.3135499954223633 2.0 1.330611206E12 1404.271610129
128 10.644896412268281 43.66903135087341 0.0 0.0 1.376099944114685 3.0 1.330611207E12 1405.265016045
129 10.644898172467947 43.66904291789979 0.0 0.0 1.4386500120162964 5.0 1.330611208E12 1406.184795128
130 10.644898591563106 43.66905523929745 0.0 0.0 1.4386500120162964 4.0 1.330611209E12 1407.234219795
131 10.644898423925042 43.66906634531915 0.0 0.0 1.376099944114685 3.0 1.33061121E12 1408.264175337
132 10.644898759201169 43.66907715797424 0.0 0.0 1.376099944114685 2.0 1.330611211E12 1409.179861878
133 10.644898507744074 43.66908935364336 0.0 0.0 1.376099944114685 1.0 1.330611212E12 1410.21090142
134 10.644897250458598 43.66910238750279 0.0 0.0 1.376099944114685 359.0 1.330611213E12 1411.218358254
135 10.644896160811186 43.66911269724369 0.0 0.0 1.2510000467300415 359.0 1.330611214E12 1412.268027004
136 10.644896076992154 43.669124096632004 0.0 0.0 1.2510000467300415 359.0 1.330611215E12 1413.285457045
137 10.644896999001503 43.669134406372905 0.0 0.0 1.1884499788284302 1.0 1.330611216E12 1414.220077378
138 10.644896747544408 43.66915041580796 0.0 0.0 1.2510000467300415 359.0 1.330611217E12 1415.217072295
139 10.644897166639566 43.669162946753204 0.0 0.0 1.1259000301361084 0.0 1.330611218E12 1416.248251837
140 10.644897418096662 43.66917292121798 0.0 0.0 0.9382500052452087 1.0 1.330611219E12 1417.280044753
141 10.644900184124708 43.66919404361397 0.0 0.0 1.1259000301361084 2.0 1.330611221E12 1419.219613128
142 10.64490127377212 43.66920607164502 0.0 0.0 1.2510000467300415 1.0 1.330611222E12 1420.266184795
143 10.64490177668631 43.669216968119144 0.0 0.0 1.1884499788284302 0.0 1.330611223E12 1421.320796462
144 10.644902363419533 43.669228409416974 0.0 0.0 1.2510000467300415 0.0 1.330611224E12 1422.223987212
145 10.64490269869566 43.66924240719527 0.0 0.0 1.3135499954223633 0.0 1.330611225E12 1423.18302617
146 10.64490269869566 43.669259967282414 0.0 0.0 1.376099944114685 0.0 1.330611226E12 1424.217708504
147 10.64490370452404 43.669274342246354 0.0 0.0 1.4386500120162964 1.0 1.330611227E12 1425.23623367
148 10.644904877990484 43.66928704082966 0.0 0.0 1.2510000467300415 2.0 1.330611228E12 1426.287826295
149 10.64490563236177 43.669299529865384 0.0 0.0 1.4386500120162964 2.0 1.330611229E12 1427.192347087
150 10.644905883818865 43.66931302472949 0.0 0.0 1.3135499954223633 1.0 1.33061123E12 1428.258570837
151 10.644906051456928 43.66932635195553 0.0 0.0 1.376099944114685 1.0 1.330611231E12 1429.17924967
152 10.644906554371119 43.669339595362544 0.0 0.0 1.3135499954223633 1.0 1.330611232E12 1430.209103087
153 10.644907476380467 43.66935195866972 0.0 0.0 1.3135499954223633 3.0 1.330611233E12 1431.21938567
154 10.644911248236895 43.669362561777234 0.0 0.0 1.2510000467300415 3.0 1.330611234E12 1432.254459628
155 10.644909907132387 43.669377313926816 0.0 0.0 1.2510000467300415 359.0 1.330611235E12 1433.189263754
156 10.644908733665943 43.66939235944301 0.0 0.0 1.2510000467300415 358.0 1.330611236E12 1434.212372629
157 10.644907224923372 43.66940723732114 0.0 0.0 1.2510000467300415 356.0 1.330611237E12 1435.23065542
158 10.644905297085643 43.66942077409476 0.0 0.0 1.1884499788284302 356.0 1.330611238E12 1436.180210545
159 10.644901189953089 43.669432676397264 0.0 0.0 1.063349962234497 353.0 1.330611239E12 1437.212384754
160 10.644899429753423 43.66944583598524 0.0 0.0 1.063349962234497 351.0 1.33061124E12 1438.20849717
161 10.644894484430552 43.66945551708341 0.0 0.0 1.1259000301361084 348.0 1.330611241E12 1439.232933462
162 10.644879480823874 43.66946532391012 0.0 0.0 0.8756999969482422 340.0 1.330611243E12 1441.19891667
163 10.644868751987815 43.66947957314551 0.0 0.0 1.1884499788284302 340.0 1.330611245E12 1443.349892003
164 10.644861962646246 43.669487913139164 0.0 0.0 1.1259000301361084 340.0 1.330611246E12 1444.275568545
165 10.644843773916364 43.669499731622636 0.0 0.0 1.0008000135421753 333.0 1.330611248E12 1446.249680837
166 10.644824327901006 43.66951322648674 0.0 0.0 1.063349962234497 330.0 1.33061125E12 1448.246453629
167 10.644815945997834 43.66952064447105 0.0 0.0 1.063349962234497 329.0 1.330611251E12 1449.253987129
168 10.644796080887318 43.66952890064567 0.0 0.0 1.0008000135421753 323.0 1.330611253E12 1451.189293004
169 10.644776551052928 43.66954004857689 0.0 0.0 1.063349962234497 323.0 1.330611255E12 1453.215752212
170 10.64475366845727 43.66954524535686 0.0 0.0 1.1259000301361084 319.0 1.330611257E12 1455.223786712
171 10.644728690385818 43.66955107077956 0.0 0.0 1.0008000135421753 315.0 1.330611259E12 1457.283069045
172 10.644712010398507 43.66955635137856 0.0 0.0 1.1884499788284302 312.0 1.33061126E12 1458.184328295
173 10.64469457603991 43.669561045244336 0.0 0.0 1.1884499788284302 309.0 1.330611261E12 1459.25406317
174 10.644678734242916 43.669566619209945 0.0 0.0 1.063349962234497 307.0 1.330611262E12 1460.270665378
175 10.644659707322717 43.66956829559058 0.0 0.0 1.1259000301361084 304.0 1.330611263E12 1461.279424545
176 10.64463933929801 43.66957064252347 0.0 0.0 1.376099944114685 301.0 1.330611264E12 1462.187791545
177 10.644620647653937 43.669574204832315 0.0 0.0 1.3135499954223633 298.0 1.330611265E12 1463.23300242
178 10.644599609076977 43.66957973688841 0.0 0.0 1.3135499954223633 294.0 1.330611266E12 1464.258301837
179 10.644578905776143 43.66958518512547 0.0 0.0 1.376099944114685 292.0 1.330611267E12 1465.211216087
180 10.64455778338015 43.66958799306303 0.0 0.0 1.376099944114685 289.0 1.330611268E12 1466.278379587
181 10.64453481696546 43.66959033999592 0.0 0.0 1.5637500286102295 287.0 1.330611269E12 1467.202713879
182 10.644513443112373 43.66959243547171 0.0 0.0 1.376099944114685 287.0 1.33061127E12 1468.254012837
183 10.644492572173476 43.66959603969008 0.0 0.0 1.376099944114685 287.0 1.330611271E12 1469.183487587
184 10.644470695406199 43.66959763225168 0.0 0.0 1.376099944114685 287.0 1.330611272E12 1470.259155879
185 10.64445074647665 43.669599308632314 0.0 0.0 1.2510000467300415 286.0 1.330611273E12 1471.244561128
186 10.64443163573742 43.66959905717522 0.0 0.0 1.3135499954223633 282.0 1.330611274E12 1472.199245712
187 10.644410932436585 43.66959935054183 0.0 0.0 1.3135499954223633 276.0 1.330611275E12 1473.173117129
188 10.644389390945435 43.669597087427974 0.0 0.0 1.376099944114685 272.0 1.330611276E12 1474.188126045
189 10.644366508349776 43.66959457285702 0.0 0.0 1.4386500120162964 270.0 1.330611277E12 1475.26975367
190 10.644343877211213 43.66959268692881 0.0 0.0 1.4386500120162964 269.0 1.330611278E12 1476.188516545
191 10.644321162253618 43.66959184873849 0.0 0.0 1.5012000799179077 268.0 1.330611279E12 1477.20609442
192 10.644297860562801 43.6695913458243 0.0 0.0 1.5012000799179077 268.0 1.33061128E12 1478.210115879
193 10.644276067614555 43.669589878991246 0.0 0.0 1.6262999773025513 266.0 1.330611281E12 1479.228857295
194 10.644253939390182 43.66958669386804 0.0 0.0 1.5637500286102295 263.0 1.330611282E12 1480.267875045
195 10.64423667266965 43.669580994173884 0.0 0.0 1.3135499954223633 259.0 1.330611283E12 1481.192986295
196 10.644217059016228 43.66957671940327 0.0 0.0 1.376099944114685 257.0 1.330611284E12 1482.218481587
197 10.644194595515728 43.66957508493215 0.0 0.0 1.5012000799179077 255.0 1.330611285E12 1483.235138712
198 10.644172299653292 43.669571480713785 0.0 0.0 1.5012000799179077 255.0 1.330611286E12 1484.28454767
199 10.644151763990521 43.66956745740026 0.0 0.0 1.6262999773025513 253.0 1.330611287E12 1485.303135545
200 10.644131898880005 43.669561967253685 0.0 0.0 1.6262999773025513 251.0 1.330611288E12 1486.319996462
201 10.644112285226583 43.66955911740661 0.0 0.0 1.5637500286102295 250.0 1.330611289E12 1487.209476003
202 10.644092168658972 43.669556602835655 0.0 0.0 1.5012000799179077 249.0 1.33061129E12 1488.212316545
203 10.644071465358138 43.66955262143165 0.0 0.0 1.5012000799179077 248.0 1.330611291E12 1489.266201212
204 10.64405051060021 43.66954763419926 0.0 0.0 1.6262999773025513 244.0 1.330611292E12 1490.195837004
205 10.64403148368001 43.66954206023365 0.0 0.0 1.5012000799179077 242.0 1.330611293E12 1491.197935712
206 10.644014803692698 43.66953568998724 0.0 0.0 1.4386500120162964 240.0 1.330611294E12 1492.219970753
207 10.644000973552465 43.66952911019325 0.0 0.0 1.3135499954223633 237.0 1.330611295E12 1493.305373879
208 10.64398504793644 43.66952127311379 0.0 0.0 1.376099944114685 236.0 1.330611296E12 1494.34866542
209 10.643960740417242 43.66951800417155 0.0 0.0 1.6262999773025513 238.0 1.330611297E12 1495.190838253
210 10.64393769018352 43.66951171774417 0.0 0.0 1.6262999773025513 239.0 1.330611298E12 1496.19404942
211 10.643915981054306 43.6695067724213 0.0 0.0 1.5637500286102295 239.0 1.330611299E12 1497.224631503
212 10.64389854669571 43.66950249765068 0.0 0.0 1.5012000799179077 236.0 1.3306113E12 1498.271862879
213 10.643884297460318 43.669494492933154 0.0 0.0 1.5637500286102295 232.0 1.330611301E12 1499.168760087
214 10.64387273043394 43.669487996958196 0.0 0.0 1.4386500120162964 228.0 1.330611302E12 1500.24261617
215 10.643860157579184 43.6694827163592 0.0 0.0 1.3135499954223633 226.0 1.330611303E12 1501.26703867
216 10.643846914172173 43.66948179434985 0.0 0.0 1.2510000467300415 226.0 1.330611304E12 1502.302214462
217 10.64382671378553 43.66947672329843 0.0 0.0 1.1259000301361084 221.0 1.330611306E12 1504.18774692
218 10.64381841570139 43.66946679074317 0.0 0.0 1.376099944114685 217.0 1.330611307E12 1505.232904712
219 10.643809447064996 43.669457654468715 0.0 0.0 1.2510000467300415 216.0 1.330611308E12 1506.257548504
220 10.643804837018251 43.66944374050945 0.0 0.0 1.2510000467300415 213.0 1.330611309E12 1507.272090712
221 10.643799053505063 43.669426599517465 0.0 0.0 1.4386500120162964 210.0 1.33061131E12 1508.201704212
222 10.643793353810906 43.66941406857222 0.0 0.0 1.2510000467300415 205.0 1.330611311E12 1509.22372617
223 10.643787235021591 43.66940178908408 0.0 0.0 1.3135499954223633 199.0 1.330611312E12 1510.258166129
224 10.643784133717418 43.669389048591256 0.0 0.0 1.3135499954223633 195.0 1.330611313E12 1511.202501212
225 10.643780110403895 43.66937639191747 0.0 0.0 1.2510000467300415 193.0 1.330611314E12 1512.19791517
226 10.643777092918754 43.669365076348186 0.0 0.0 1.1259000301361084 191.0 1.330611315E12 1513.197244754
227 10.643774159252644 43.66935007274151 0.0 0.0 1.2510000467300415 190.0 1.330611316E12 1514.225049878
228 10.643772315233946 43.66933670360595 0.0 0.0 1.2510000467300415 187.0 1.330611317E12 1515.249281087
229 10.643772818148136 43.669325220398605 0.0 0.0 1.376099944114685 183.0 1.330611318E12 1516.260989004
230 10.64377105794847 43.66931507829577 0.0 0.0 1.6262999773025513 182.0 1.330611319E12 1517.278622129
231 10.64376913011074 43.669303972274065 0.0 0.0 1.5637500286102295 181.0 1.33061132E12 1518.20715542
232 10.643768040463328 43.66929299198091 0.0 0.0 1.5012000799179077 179.0 1.330611321E12 1519.232815254
233 10.643768543377519 43.669283017516136 0.0 0.0 1.376099944114685 177.0 1.330611322E12 1520.228882337
234 10.643768291920424 43.6692652059719 0.0 0.0 1.376099944114685 176.0 1.330611324E12 1522.25598942
235 10.643768208101392 43.66925485432148 0.0 0.0 1.5012000799179077 175.0 1.330611325E12 1523.283949129
236 10.643765777349472 43.66924483794719 0.0 0.0 1.5012000799179077 175.0 1.330611326E12 1524.224719753
237 10.643763346597552 43.669233773835 0.0 0.0 1.5012000799179077 175.0 1.330611327E12 1525.240003503
238 10.643764436244965 43.66921906359494 0.0 0.0 1.6262999773025513 174.0 1.330611328E12 1526.258910004
239 10.643765022978187 43.66920640692115 0.0 0.0 1.5637500286102295 173.0 1.330611329E12 1527.292057379
240 10.64376619644463 43.669195217080414 0.0 0.0 1.4386500120162964 172.0 1.33061133E12 1528.305566087
241 10.64376862719655 43.66918482352048 0.0 0.0 1.2510000467300415 171.0 1.330611331E12 1529.208898837
242 10.643769716843963 43.66917434614152 0.0 0.0 1.2510000467300415 172.0 1.330611332E12 1530.183143629
243 10.643770387396216 43.66916315630078 0.0 0.0 1.2510000467300415 174.0 1.330611333E12 1531.221107754
244 10.64377248287201 43.66915033198893 0.0 0.0 1.376099944114685 174.0 1.330611334E12 1532.250062337
245 10.643775332719088 43.669138052500784 0.0 0.0 1.4386500120162964 174.0 1.330611335E12 1533.26369342
246 10.6437832955271 43.66911869030446 0.0 0.0 1.3135499954223633 172.0 1.330611337E12 1535.40498817
247 10.643788408488035 43.66910733282566 0.0 0.0 1.2510000467300415 171.0 1.330611338E12 1536.196178462
248 10.643791342154145 43.66909471806139 0.0 0.0 1.3135499954223633 171.0 1.330611339E12 1537.248749004
249 10.643798047676682 43.66908398922533 0.0 0.0 1.2510000467300415 169.0 1.33061134E12 1538.278239879
250 10.643801232799888 43.66907326038927 0.0 0.0 1.1884499788284302 169.0 1.330611341E12 1539.218044545
251 10.643808022141457 43.669061358086765 0.0 0.0 1.2510000467300415 169.0 1.330611342E12 1540.219933003
252 10.643812045454979 43.66905054543167 0.0 0.0 1.3135499954223633 170.0 1.330611343E12 1541.259882795
253 10.643814895302057 43.66903881076723 0.0 0.0 1.3135499954223633 170.0 1.330611344E12 1542.21026717
254 10.643816404044628 43.66902757901698 0.0 0.0 1.3135499954223633 170.0 1.330611345E12 1543.266811545
255 10.643819253891706 43.66901383269578 0.0 0.0 1.5012000799179077 170.0 1.330611346E12 1544.280743337
256 10.64381891861558 43.66899945773184 0.0 0.0 1.5637500286102295 172.0 1.330611347E12 1545.305932504
257 10.643819086253643 43.66898675914854 0.0 0.0 1.376099944114685 172.0 1.330611348E12 1546.216564212
258 10.643819002434611 43.668974773027 0.0 0.0 1.376099944114685 172.0 1.330611349E12 1547.251044712
259 10.643821265548468 43.66896278690547 0.0 0.0 1.4386500120162964 171.0 1.33061135E12 1548.186288545
260 10.643820092082024 43.668945310637355 0.0 0.0 1.3135499954223633 174.0 1.330611352E12 1550.17941117
261 10.643817326053977 43.668934791348875 0.0 0.0 1.2510000467300415 175.0 1.330611353E12 1551.222089212
262 10.643812967464328 43.66892573889345 0.0 0.0 1.376099944114685 177.0 1.330611354E12 1552.283054129
263 10.643813470378518 43.668915764428675 0.0 0.0 1.376099944114685 175.0 1.330611355E12 1553.194702545
264 10.643811961635947 43.66890633478761 0.0 0.0 1.3135499954223633 176.0 1.330611356E12 1554.297614712
265 10.643809698522091 43.66889703087509 0.0 0.0 1.3135499954223633 177.0 1.330611357E12 1555.302508879
266 10.643802490085363 43.66888290736824 0.0 0.0 1.0008000135421753 178.0 1.330611359E12 1557.224469545
267 10.643804334104061 43.668870627880096 0.0 0.0 1.1884499788284302 176.0 1.33061136E12 1558.28049117
268 10.643803495913744 43.668857887387276 0.0 0.0 1.2510000467300415 177.0 1.330611361E12 1559.20623817
269 10.64380475319922 43.66884476970881 0.0 0.0 1.3135499954223633 176.0 1.330611362E12 1560.217837254
270 10.643804501742125 43.66883156821132 0.0 0.0 1.376099944114685 176.0 1.330611363E12 1561.256451045
271 10.643801651895046 43.668822390027344 0.0 0.0 1.2510000467300415 177.0 1.330611364E12 1562.262002379
272 10.643792012706399 43.66881258320063 0.0 0.0 0.9382500052452087 178.0 1.330611366E12 1564.255516545
273 10.64379301853478 43.66880290210247 0.0 0.0 0.9382500052452087 178.0 1.330611367E12 1565.211581754
274 10.643794694915414 43.668790413066745 0.0 0.0 1.0008000135421753 178.0 1.330611368E12 1566.286305379
275 10.643793353810906 43.66877763066441 0.0 0.0 1.1884499788284302 177.0 1.330611369E12 1567.272010462
276 10.643793772906065 43.66876505780965 0.0 0.0 1.1259000301361084 179.0 1.33061137E12 1568.221165962
277 10.643794611096382 43.66874929983169 0.0 0.0 1.2510000467300415 179.0 1.330611371E12 1569.197282504
278 10.643794275820255 43.66873714607209 0.0 0.0 1.063349962234497 178.0 1.330611372E12 1570.236930379
279 10.643792767077684 43.66872461512685 0.0 0.0 1.0008000135421753 181.0 1.330611373E12 1571.252862379
280 10.643790420144796 43.668703702278435 0.0 0.0 1.1884499788284302 185.0 1.330611374E12 1572.305864628
281 10.643782457336783 43.668687315657735 0.0 0.0 1.1259000301361084 189.0 1.330611375E12 1573.336298587
282 10.6437764223665 43.6686737369746 0.0 0.0 1.063349962234497 190.0 1.330611376E12 1574.220325212
283 10.643769213929772 43.66866376250982 0.0 0.0 0.9382500052452087 193.0 1.330611377E12 1575.378609587
284 10.643765274435282 43.668649890460074 0.0 0.0 1.063349962234497 193.0 1.330611378E12 1576.25010392
285 10.643761418759823 43.66863891016692 0.0 0.0 1.0008000135421753 189.0 1.330611379E12 1577.252727212
