2 10.643776003271341 43.66868429817259 0.0 0.0 0.4378499984741211 136.0 1.330598022E12 3398.96274615
3 10.643772734329104 43.66867306642234 0.0 0.0 0.3127500116825104 169.0 1.330598025E12 3401.8118219
4 10.64377591945231 43.668657559901476 0.0 0.0 0.5004000067710876 164.0 1.330598031E12 3407.829030275
5 10.643775835633278 43.668646453879774 0.0 0.0 0.8131499886512756 168.0 1.330598033E12 3409.854104483
6 10.643776590004563 43.66863270755857 0.0 0.0 0.7506000399589539 169.0 1.330598035E12 3411.987103608
7 10.643775751814246 43.66861694958061 0.0 0.0 0.8756999969482422 169.0 1.330598037E12 3413.879332525
8 10.643777679651976 43.66859905421734 0.0 0.0 0.8756999969482422 170.0 1.330598039E12 3415.814512067
9 10.643781116232276 43.66858187131584 0.0 0.0 0.9382500052452087 168.0 1.330598041E12 3417.962739608
10 10.643786396831274 43.668565903790295 0.0 0.0 0.8756999969482422 163.0 1.330598043E12 3419.83032665
11 10.643796287477016 43.66855253465474 0.0 0.0 0.8131499886512756 157.0 1.330598045E12 3422.003102525
12 10.643807267770171 43.668538578785956 0.0 0.0 1.0008000135421753 152.0 1.330598047E12 3423.815916317
13 10.643817745149136 43.66852650884539 0.0 0.0 0.9382500052452087 150.0 1.330598049E12 3425.9198484
14 10.643829060718417 43.66851351689547 0.0 0.0 0.8756999969482422 147.0 1.330598051E12 3427.842260275
15 10.643840627744794 43.66850111167878 0.0 0.0 0.8756999969482422 146.0 1.330598053E12 3429.825423483
16 10.643853535875678 43.66848811972886 0.0 0.0 0.8756999969482422 144.0 1.330598055E12 3431.82816115
17 10.64385806210339 43.66847852244973 0.0 0.0 0.8131499886512756 145.0 1.330598056E12 3433.029760442
18 10.643870467320085 43.668464524671435 0.0 0.0 0.8131499886512756 144.0 1.330598058E12 3434.913841151
19 10.64388639293611 43.66845102980733 0.0 0.0 0.9382500052452087 141.0 1.33059806E12 3437.015694276
20 10.643902318552136 43.6684387922287 0.0 0.0 0.8756999969482422 139.0 1.330598062E12 3438.948248401
21 10.643921680748463 43.66842793766409 0.0 0.0 0.8756999969482422 134.0 1.330598064E12 3440.870739692
22 10.6439318228513 43.66842257324606 0.0 0.0 0.8756999969482422 132.0 1.330598065E12 3441.921028151
23 10.643942467868328 43.668417166918516 0.0 0.0 0.9382500052452087 131.0 1.330598066E12 3442.826022526
24 10.643953448161483 43.66841176059097 0.0 0.0 0.9382500052452087 130.0 1.330598067E12 3443.876302901
25 10.643963757902384 43.66840652190149 0.0 0.0 0.8756999969482422 130.0 1.330598068E12 3444.921624609
26 10.643981527537107 43.66839688271284 0.0 0.0 0.8756999969482422 128.0 1.33059807E12 3446.818131276
27 10.644001811742783 43.668387033976614 0.0 0.0 0.8756999969482422 126.0 1.330598072E12 3448.996782401
28 10.644022515043616 43.668378819711506 0.0 0.0 0.8131499886512756 122.0 1.330598074E12 3450.94109965
29 10.644034584984183 43.66837500594556 0.0 0.0 0.8756999969482422 120.0 1.330598075E12 3451.798485151
30 10.64404715783894 43.66837047971785 0.0 0.0 0.8756999969482422 120.0 1.330598076E12 3452.869256359
31 10.644060233607888 43.66836620494723 0.0 0.0 0.8756999969482422 119.0 1.330598077E12 3453.826470526
32 10.644073896110058 43.66836301982403 0.0 0.0 1.0008000135421753 116.0 1.330598078E12 3454.914198776
33 10.644096778705716 43.668359206058085 0.0 0.0 0.8131499886512756 113.0 1.33059808E12 3456.897356109
34 10.644119242206216 43.66835602093488 0.0 0.0 0.8756999969482422 109.0 1.330598082E12 3458.903287734
35 10.644141705706716 43.668353045359254 0.0 0.0 0.8131499886512756 108.0 1.330598084E12 3460.86589865
36 10.644163498654962 43.668349483050406 0.0 0.0 0.8131499886512756 107.0 1.330598086E12 3462.818526651
37 10.6441839504987 43.66834457963705 0.0 0.0 0.6255000233650208 106.0 1.330598088E12 3464.843065317
38 10.644202223047614 43.66834336426109 0.0 0.0 0.7506000399589539 100.0 1.33059809E12 3466.847473609
39 10.644220495596528 43.66833925712854 0.0 0.0 0.8131499886512756 105.0 1.330598092E12 3468.828516734
40 10.644237259402871 43.66833992768079 0.0 0.0 0.8131499886512756 99.0 1.330598094E12 3470.866518192
41 10.644258130341768 43.66834026295692 0.0 0.0 0.8756999969482422 94.0 1.330598096E12 3472.821339776
42 10.644278833642602 43.668338963761926 0.0 0.0 0.7506000399589539 92.0 1.330598098E12 3474.826326443
43 10.644300961866975 43.668339466676116 0.0 0.0 0.8756999969482422 86.0 1.3305981E12 3476.835909484
44 10.644320994615555 43.66834084969014 0.0 0.0 0.7506000399589539 86.0 1.330598102E12 3478.986545859
45 10.644339518621564 43.66834449581802 0.0 0.0 0.8131499886512756 80.0 1.330598104E12 3480.863598984
46 10.644359299913049 43.66834856104106 0.0 0.0 0.8131499886512756 80.0 1.330598106E12 3482.847485734
47 10.644379835575819 43.66835266817361 0.0 0.0 0.9382500052452087 81.0 1.330598108E12 3484.970653609
48 10.644401796162128 43.6683566076681 0.0 0.0 0.8756999969482422 78.0 1.33059811E12 3486.896466901
49 10.64442727714777 43.66835723631084 0.0 0.0 0.9382500052452087 79.0 1.330598112E12 3488.931217859
50 10.644449321553111 43.668362852185965 0.0 0.0 0.8131499886512756 73.0 1.330598114E12 3490.942096276
51 10.644469605758786 43.66837161127478 0.0 0.0 0.8756999969482422 66.0 1.330598116E12 3492.863354151
52 10.64448050223291 43.66837596986443 0.0 0.0 1.0008000135421753 65.0 1.330598117E12 3493.909504359
53 10.64449181780219 43.668380244635046 0.0 0.0 1.0008000135421753 64.0 1.330598118E12 3494.881442901
54 10.6445103418082 43.66839000955224 0.0 0.0 0.8756999969482422 61.0 1.33059812E12 3496.9047169
55 10.644531296566129 43.66839851718396 0.0 0.0 0.9382500052452087 63.0 1.330598122E12 3498.829254651
56 10.64454110339284 43.66840409114957 0.0 0.0 0.9382500052452087 59.0 1.330598123E12 3499.911411818
57 10.644549988210201 43.66841159295291 0.0 0.0 1.0008000135421753 57.0 1.330598124E12 3500.822542151
58 10.644569266587496 43.66841984912753 0.0 0.0 0.8756999969482422 55.0 1.330598126E12 3502.970401442
59 10.644588377326727 43.6684284824878 0.0 0.0 0.9382500052452087 54.0 1.330598128E12 3504.900350901
60 10.644605811685324 43.668439337052405 0.0 0.0 0.9382500052452087 53.0 1.33059813E12 3506.812023401
61 10.64461494795978 43.66844595875591 0.0 0.0 0.9382500052452087 52.0 1.330598131E12 3507.831162275
62 10.644631795585155 43.668458950705826 0.0 0.0 0.9382500052452087 50.0 1.330598133E12 3509.822169567
63 10.644648056477308 43.66847194265574 0.0 0.0 0.8756999969482422 47.0 1.330598135E12 3511.830751068
64 10.644663479179144 43.668486485257745 0.0 0.0 0.9382500052452087 43.0 1.330598137E12 3513.819260817
65 10.64467160962522 43.66849532816559 0.0 0.0 0.9382500052452087 43.0 1.330598138E12 3514.913157067
66 10.644681164994836 43.668504087254405 0.0 0.0 0.8756999969482422 40.0 1.330598139E12 3515.818920151
67 10.644687283784151 43.66851213388145 0.0 0.0 0.8131499886512756 38.0 1.33059814E12 3516.890985151
68 10.644698515534401 43.668525544926524 0.0 0.0 0.8131499886512756 38.0 1.330598142E12 3518.817239109
69 10.64470387995243 43.66853375919163 0.0 0.0 0.8131499886512756 37.0 1.330598143E12 3519.909446734
70 10.644709914922714 43.66854180581868 0.0 0.0 0.9382500052452087 38.0 1.330598144E12 3520.832219109
71 10.64471947029233 43.668555384501815 0.0 0.0 0.8131499886512756 35.0 1.330598146E12 3522.978591567
72 10.644723828881979 43.66857524961233 0.0 0.0 0.9382500052452087 29.0 1.330598148E12 3524.861530734
73 10.644726678729057 43.66858551744372 0.0 0.0 1.063349962234497 26.0 1.330598149E12 3525.924475859
74 10.644729109480977 43.66859591100365 0.0 0.0 0.9382500052452087 24.0 1.33059815E12 3526.871559817
75 10.644731875509024 43.66860538255423 0.0 0.0 0.9382500052452087 23.0 1.330598151E12 3527.890751443
76 10.644734892994165 43.668614476919174 0.0 0.0 0.9382500052452087 22.0 1.330598152E12 3528.822603151
77 10.644738329574466 43.6686235293746 0.0 0.0 1.0008000135421753 21.0 1.330598153E12 3529.846487401
78 10.644741179421544 43.66863262373954 0.0 0.0 0.8756999969482422 20.0 1.330598154E12 3530.868581692
79 10.644743274897337 43.66864213719964 0.0 0.0 0.9382500052452087 18.0 1.330598155E12 3531.887248234
80 10.644745118916035 43.66865156684071 0.0 0.0 0.8131499886512756 16.0 1.330598156E12 3532.915211484
81 10.644746627658606 43.668661415576935 0.0 0.0 0.8756999969482422 15.0 1.330598157E12 3533.858632317
82 10.644747465848923 43.66867097094655 0.0 0.0 0.8756999969482422 12.0 1.330598158E12 3534.905299609
83 10.644747717306018 43.66868086159229 0.0 0.0 0.9382500052452087 10.0 1.330598159E12 3535.834256484
84 10.644748052582145 43.66869083605707 0.0 0.0 1.0008000135421753 9.0 1.33059816E12 3536.919903317
85 10.644748052582145 43.6687004333362 0.0 0.0 0.9382500052452087 8.0 1.330598161E12 3537.839940275
86 10.644747884944081 43.66870982106775 0.0 0.0 0.9382500052452087 6.0 1.330598162E12 3538.895570234
87 10.644747465848923 43.668718873523176 0.0 0.0 0.9382500052452087 5.0 1.330598163E12 3539.873065901
88 10.64474587328732 43.668736475519836 0.0 0.0 0.8756999969482422 3.0 1.330598165E12 3541.841891401
89 10.644744029268622 43.66875437088311 0.0 0.0 1.063349962234497 3.0 1.330598167E12 3543.972197151
90 10.644741598516703 43.66877176333219 0.0 0.0 0.8756999969482422 0.0 1.330598169E12 3545.912757526
91 10.644735815003514 43.66878722794354 0.0 0.0 0.9382500052452087 358.0 1.330598171E12 3547.867411026
92 10.644734306260943 43.66880462039262 0.0 0.0 0.9382500052452087 359.0 1.330598173E12 3549.864863609
93 10.644734390079975 43.66881363093853 0.0 0.0 0.9382500052452087 359.0 1.330598174E12 3550.813329276
94 10.644735312089324 43.66883093956858 0.0 0.0 0.8756999969482422 1.0 1.330598176E12 3552.812164692
95 10.64473413862288 43.66884812247008 0.0 0.0 0.9382500052452087 359.0 1.330598178E12 3554.855934568
96 10.644730953499675 43.66886471863836 0.0 0.0 0.8756999969482422 0.0 1.33059818E12 3556.882568359
97 10.644727516919374 43.66888022515923 0.0 0.0 0.8131499886512756 356.0 1.330598182E12 3558.832324734
98 10.644724247977138 43.66889728233218 0.0 0.0 1.063349962234497 358.0 1.330598184E12 3560.837324442
99 10.644722823053598 43.66890662815422 0.0 0.0 0.9382500052452087 359.0 1.330598185E12 3561.847203192
100 10.644720643758774 43.66892360150814 0.0 0.0 0.9382500052452087 1.0 1.330598187E12 3563.955345859
101 10.644719637930393 43.66894132923335 0.0 0.0 1.0008000135421753 1.0 1.330598189E12 3565.879455859
102 10.64471896737814 43.66895050741732 0.0 0.0 0.9382500052452087 1.0 1.33059819E12 3566.929330526
103 10.644718380644917 43.668968277052045 0.0 0.0 1.0008000135421753 2.0 1.330598192E12 3568.847908901
104 10.644718883559108 43.66898654960096 0.0 0.0 1.063349962234497 3.0 1.330598194E12 3570.905784067
105 10.644718632102013 43.66899585351348 0.0 0.0 1.0008000135421753 2.0 1.330598195E12 3571.881925067
106 10.644717961549759 43.66900486405939 0.0 0.0 0.9382500052452087 1.0 1.330598196E12 3572.842320942
107 10.644715949892998 43.66902183741331 0.0 0.0 0.9382500052452087 0.0 1.330598198E12 3574.837930484
108 10.644716368988156 43.66903964895755 0.0 0.0 0.9382500052452087 1.0 1.3305982E12 3576.858956567
109 10.644716285169125 43.66905666422099 0.0 0.0 0.9382500052452087 0.0 1.330598202E12 3578.831441151
110 10.644715279340744 43.669073889032006 0.0 0.0 0.8131499886512756 356.0 1.330598204E12 3580.833617234
111 10.644714357331395 43.66909086238593 0.0 0.0 0.9382500052452087 359.0 1.330598206E12 3582.978212401
112 10.64471259713173 43.669108003377914 0.0 0.0 0.9382500052452087 359.0 1.330598208E12 3584.898856609
113 10.644711591303349 43.66912422236055 0.0 0.0 0.8756999969482422 359.0 1.33059821E12 3586.863259359
114 10.644710334017873 43.6691415309906 0.0 0.0 0.9382500052452087 0.0 1.330598212E12 3588.838711276
115 10.644709831103683 43.669158881530166 0.0 0.0 0.9382500052452087 0.0 1.330598214E12 3590.977872067
116 10.644710334017873 43.66917472332716 0.0 0.0 0.8756999969482422 3.0 1.330598216E12 3592.933810317
117 10.644709579646587 43.66919161286205 0.0 0.0 0.8756999969482422 0.0 1.330598218E12 3594.813185651
118 10.644706143066287 43.6692070774734 0.0 0.0 0.8131499886512756 358.0 1.33059822E12 3596.844244484
119 10.64470631070435 43.669223128817976 0.0 0.0 0.9382500052452087 0.0 1.330598222E12 3598.992870151
120 10.644705472514033 43.66924035362899 0.0 0.0 0.9382500052452087 0.0 1.330598224E12 3600.890310525
121 10.644705137237906 43.66925636306405 0.0 0.0 0.8131499886512756 1.0 1.330598226E12 3602.919137359
122 10.644704718142748 43.669272917322814 0.0 0.0 0.8756999969482422 0.0 1.330598228E12 3604.858295859
123 10.644702957943082 43.66928934585303 0.0 0.0 0.8756999969482422 359.0 1.33059823E12 3606.840293651
124 10.644700862467289 43.66930502001196 0.0 0.0 0.8756999969482422 357.0 1.330598232E12 3608.845006942
125 10.644700527191162 43.669322580099106 0.0 0.0 0.8756999969482422 357.0 1.330598234E12 3610.823667858
126 10.644701952114701 43.66933997254819 0.0 0.0 0.8756999969482422 0.0 1.330598236E12 3612.855303358
127 10.644700275734067 43.66935694590211 0.0 0.0 0.9382500052452087 358.0 1.330598238E12 3614.994577692
128 10.644702790305018 43.66937471553683 0.0 0.0 0.8756999969482422 0.0 1.33059824E12 3616.9296529
129 10.644703796133399 43.669391688890755 0.0 0.0 0.8131499886512756 1.0 1.330598242E12 3618.965972067
130 10.644704382866621 43.669400783255696 0.0 0.0 0.9382500052452087 0.0 1.330598243E12 3619.84152065
131 10.644705472514033 43.66941038053483 0.0 0.0 0.9382500052452087 359.0 1.330598244E12 3620.890444483
132 10.64470580779016 43.66941976826638 0.0 0.0 0.9382500052452087 359.0 1.330598245E12 3621.939655317
133 10.644704466685653 43.66943657398224 0.0 0.0 0.8756999969482422 358.0 1.330598247E12 3623.812825775
134 10.644704047590494 43.66945384070277 0.0 0.0 0.8756999969482422 358.0 1.330598249E12 3625.907885275
135 10.644700275734067 43.66947198752314 0.0 0.0 0.9382500052452087 354.0 1.330598251E12 3627.93258065
136 10.64469801262021 43.669481333345175 0.0 0.0 1.0008000135421753 354.0 1.330598252E12 3628.8927744
137 10.644695833325386 43.66949072107673 0.0 0.0 0.9382500052452087 352.0 1.330598253E12 3629.85608615
138 10.644694659858942 43.66950010880828 0.0 0.0 0.9382500052452087 352.0 1.330598254E12 3630.801897192
139 10.64469264820218 43.66950958035886 0.0 0.0 0.9382500052452087 349.0 1.330598255E12 3631.925905983
140 10.644690301269293 43.669519261457026 0.0 0.0 0.9382500052452087 345.0 1.330598256E12 3632.874177275
141 10.644687367603183 43.66952881682664 0.0 0.0 0.9382500052452087 345.0 1.330598257E12 3633.9097559
142 10.64468527212739 43.66953841410577 0.0 0.0 0.8756999969482422 345.0 1.330598258E12 3634.843877233
143 10.644680829718709 43.669556309469044 0.0 0.0 0.8131499886512756 342.0 1.33059826E12 3636.8222559
144 10.644670771434903 43.66957261227071 0.0 0.0 0.8756999969482422 338.0 1.330598262E12 3638.978412817
145 10.644658952951431 43.66958799306303 0.0 0.0 0.8756999969482422 335.0 1.330598264E12 3640.854293317
146 10.644652750343084 43.66959641687572 0.0 0.0 0.9382500052452087 333.0 1.330598265E12 3641.980332025
147 10.644646380096674 43.669604756869376 0.0 0.0 0.9382500052452087 332.0 1.330598266E12 3642.871796025
148 10.644640177488327 43.66961288731545 0.0 0.0 0.9382500052452087 330.0 1.330598267E12 3643.907940733
149 10.644627939909697 43.6696278071031 0.0 0.0 0.8756999969482422 327.0 1.330598269E12 3645.828510817
150 10.644615031778812 43.66964172106236 0.0 0.0 0.8131499886512756 323.0 1.330598271E12 3647.850632317
151 10.644600698724389 43.66965550929308 0.0 0.0 0.8756999969482422 321.0 1.330598273E12 3649.954713733
152 10.644592233002186 43.669662130996585 0.0 0.0 0.8756999969482422 319.0 1.330598274E12 3650.969834567
153 10.64457580447197 43.66967550013214 0.0 0.0 0.9382500052452087 317.0 1.330598276E12 3652.867082942
154 10.644559375941753 43.66968736052513 0.0 0.0 0.8756999969482422 315.0 1.330598278E12 3654.839558692
155 10.644543450325727 43.669699765741825 0.0 0.0 0.8756999969482422 314.0 1.33059828E12 3656.838499775
156 10.64453330822289 43.66970571689308 0.0 0.0 0.9382500052452087 312.0 1.330598281E12 3657.8438854
157 10.644522830843925 43.66971124894917 0.0 0.0 0.9382500052452087 311.0 1.330598282E12 3658.8916809
158 10.644502379000187 43.66972197778523 0.0 0.0 0.9382500052452087 308.0 1.330598284E12 3660.85598115
159 10.644491314888 43.66972742602229 0.0 0.0 0.9382500052452087 307.0 1.330598285E12 3661.916595442
160 10.644480166956782 43.66973237134516 0.0 0.0 1.0008000135421753 305.0 1.330598286E12 3662.84036415
161 10.644468516111374 43.66973681375384 0.0 0.0 1.0008000135421753 303.0 1.330598287E12 3663.900728775
162 10.644456446170807 43.66974108852446 0.0 0.0 0.9382500052452087 302.0 1.330598288E12 3664.946449192
163 10.644434401765466 43.66974821314216 0.0 0.0 0.9382500052452087 299.0 1.33059829E12 3666.823100567
164 10.644411100074649 43.66975579876453 0.0 0.0 0.9382500052452087 295.0 1.330598292E12 3668.996455567
165 10.644398778676987 43.669758648611605 0.0 0.0 1.0008000135421753 293.0 1.330598293E12 3669.844631942
166 10.64438670873642 43.66976124700159 0.0 0.0 0.9382500052452087 292.0 1.330598294E12 3670.927904775
167 10.644365334883332 43.66976589895785 0.0 0.0 0.9382500052452087 290.0 1.330598296E12 3672.847458275
168 10.64435301348567 43.669767868705094 0.0 0.0 0.9382500052452087 288.0 1.330598297E12 3673.888511275
169 10.644340440630913 43.66976950317621 0.0 0.0 0.9382500052452087 285.0 1.330598298E12 3674.860535025
170 10.644327448680997 43.66977046709508 0.0 0.0 1.0008000135421753 283.0 1.330598299E12 3675.92372265
171 10.644314624369144 43.66977117955685 0.0 0.0 1.0008000135421753 281.0 1.3305983E12 3676.843883233
172 10.64430221915245 43.66977122146636 0.0 0.0 0.8756999969482422 279.0 1.330598301E12 3677.887953567
173 10.644289813935757 43.66977134719491 0.0 0.0 0.9382500052452087 278.0 1.330598302E12 3678.933185858
174 10.6442650873214 43.669772017747164 0.0 0.0 0.9382500052452087 276.0 1.330598304E12 3680.896115775
175 10.644252095371485 43.669772520661354 0.0 0.0 1.0008000135421753 276.0 1.330598305E12 3681.821347025
176 10.644238768145442 43.66977247875184 0.0 0.0 1.0008000135421753 273.0 1.330598306E12 3682.854949817
177 10.644226027652621 43.669771598652005 0.0 0.0 0.9382500052452087 271.0 1.330598307E12 3683.918926608
178 10.644201887771487 43.66977172438055 0.0 0.0 0.9382500052452087 272.0 1.330598309E12 3685.868127858
179 10.644176825881004 43.66977076046169 0.0 0.0 1.0008000135421753 269.0 1.330598311E12 3687.8602334
180 10.64416391775012 43.66976992227137 0.0 0.0 0.9382500052452087 267.0 1.330598312E12 3688.916625358
181 10.644151428714395 43.66976824589074 0.0 0.0 1.0008000135421753 265.0 1.330598313E12 3689.8458404
182 10.644139526411891 43.66976531222463 0.0 0.0 0.9382500052452087 260.0 1.330598314E12 3690.961176733
183 10.644126115366817 43.66976162418723 0.0 0.0 1.0008000135421753 258.0 1.330598315E12 3691.844695983
184 10.644102226942778 43.66975839715451 0.0 0.0 0.9382500052452087 261.0 1.330598317E12 3693.858663983
185 10.64408772625029 43.66975487675518 0.0 0.0 1.063349962234497 258.0 1.330598318E12 3694.855717817
186 10.644073225557804 43.669750560075045 0.0 0.0 1.0008000135421753 256.0 1.330598319E12 3695.922598317
187 10.644060736522079 43.669747333042324 0.0 0.0 0.8756999969482422 256.0 1.33059832E12 3696.846839317
188 10.644048750400543 43.66974402219057 0.0 0.0 0.9382500052452087 255.0 1.330598321E12 3697.951129275
189 10.644037099555135 43.6697406694293 0.0 0.0 0.8756999969482422 254.0 1.330598322E12 3698.854284233
190 10.644025448709726 43.669737107120454 0.0 0.0 0.9382500052452087 253.0 1.330598323E12 3699.931317025
191 10.644013797864318 43.669733670540154 0.0 0.0 1.0008000135421753 252.0 1.330598324E12 3700.829606942
192 10.643992256373167 43.66972625255585 0.0 0.0 0.8756999969482422 247.0 1.330598326E12 3702.979178525
193 10.64397289417684 43.669718289747834 0.0 0.0 0.9382500052452087 245.0 1.330598328E12 3704.953301192
194 10.643953531980515 43.66971041075885 0.0 0.0 0.8756999969482422 242.0 1.33059833E12 3706.96038615
195 10.643933918327093 43.66970035247505 0.0 0.0 0.9382500052452087 238.0 1.330598332E12 3708.958740233
196 10.643916064873338 43.6696907132864 0.0 0.0 0.8131499886512756 237.0 1.330598334E12 3710.865070192
197 10.64389812760055 43.66968103218824 0.0 0.0 0.8756999969482422 236.0 1.330598336E12 3712.87743765
198 10.643880609422922 43.66966967470944 0.0 0.0 0.8131499886512756 230.0 1.330598338E12 3714.9258424
199 10.643866695463657 43.669657059945166 0.0 0.0 0.8756999969482422 224.0 1.33059834E12 3716.858629025
200 10.64385311678052 43.66964373271912 0.0 0.0 0.8756999969482422 221.0 1.330598342E12 3718.857828567
201 10.643839789554477 43.66963027976453 0.0 0.0 0.8131499886512756 219.0 1.330598344E12 3720.852975233
202 10.643832664936781 43.669622777961195 0.0 0.0 0.8756999969482422 217.0 1.330598345E12 3721.831679483
203 10.643820678815246 43.669608319178224 0.0 0.0 0.9382500052452087 214.0 1.330598347E12 3723.960136983
204 10.64380818977952 43.669593189843 0.0 0.0 0.8131499886512756 211.0 1.330598349E12 3725.91592165
205 10.643802406266332 43.66958459839225 0.0 0.0 0.8131499886512756 209.0 1.33059835E12 3726.868998608
206 10.643796287477016 43.669575923122466 0.0 0.0 0.9382500052452087 209.0 1.330598351E12 3727.947471733
207 10.643791174516082 43.66956527810544 0.0 0.0 1.0008000135421753 206.0 1.330598352E12 3728.857764525
208 10.643785055726767 43.669548807665706 0.0 0.0 0.8756999969482422 200.0 1.330598354E12 3730.847602442
209 10.643781032413244 43.669538791291416 0.0 0.0 1.063349962234497 200.0 1.330598355E12 3731.93249365
210 10.64377742819488 43.66952885873616 0.0 0.0 0.9382500052452087 198.0 1.330598356E12 3732.889478692
211 10.64377499744296 43.66951993200928 0.0 0.0 0.9382500052452087 195.0 1.330598357E12 3733.928699025
212 10.643772399052978 43.66951083764434 0.0 0.0 0.9382500052452087 194.0 1.330598358E12 3734.9536164
213 10.643768962472677 43.66950140800327 0.0 0.0 1.0008000135421753 194.0 1.330598359E12 3735.854028192
214 10.643766280263662 43.66949172690511 0.0 0.0 1.0008000135421753 192.0 1.33059836E12 3736.89103815
215 10.64376376569271 43.66948141716421 0.0 0.0 1.063349962234497 190.0 1.330598361E12 3737.847239983
216 10.643760999664664 43.66946469526738 0.0 0.0 0.9382500052452087 188.0 1.330598363E12 3739.967042858
217 10.64375882036984 43.66944872774184 0.0 0.0 1.0008000135421753 187.0 1.330598365E12 3741.923417442
218 10.64375982619822 43.66943162865937 0.0 0.0 1.0008000135421753 183.0 1.330598367E12 3743.926973067
219 10.643761167302728 43.66941482294351 0.0 0.0 1.0008000135421753 180.0 1.330598369E12 3745.828652317
220 10.643762508407235 43.66939839441329 0.0 0.0 0.8756999969482422 178.0 1.330598371E12 3747.952495608
221 10.643764520063996 43.669380666688085 0.0 0.0 0.9382500052452087 177.0 1.330598373E12 3749.962023275
222 10.643765944987535 43.66937127895653 0.0 0.0 0.9382500052452087 176.0 1.330598374E12 3751.093565692
223 10.643766112625599 43.669361933134496 0.0 0.0 0.9382500052452087 177.0 1.330598375E12 3752.080208442
224 10.643765777349472 43.66935208439827 0.0 0.0 1.0008000135421753 178.0 1.330598376E12 3752.979641483
225 10.643766280263662 43.66934206802398 0.0 0.0 1.0008000135421753 176.0 1.330598377E12 3753.913309567
226 10.64376812428236 43.66933255456388 0.0 0.0 0.9382500052452087 175.0 1.330598378E12 3754.940631442
227 10.643769800662994 43.669322580099106 0.0 0.0 1.0008000135421753 175.0 1.330598379E12 3755.9762659
228 10.643769716843963 43.66931189317256 0.0 0.0 1.063349962234497 176.0 1.33059838E12 3756.916140942
229 10.643769800662994 43.66930229589343 0.0 0.0 0.9382500052452087 175.0 1.330598381E12 3758.029889733
230 10.643770135939121 43.66929299198091 0.0 0.0 1.063349962234497 176.0 1.330598382E12 3758.872594317
231 10.643771225586534 43.66928339470178 0.0 0.0 1.0008000135421753 175.0 1.330598383E12 3759.9349694
232 10.643772650510073 43.66927346214652 0.0 0.0 1.0008000135421753 177.0 1.330598384E12 3760.847032108
233 10.643773069605231 43.669264116324484 0.0 0.0 0.9382500052452087 179.0 1.330598385E12 3761.858459317
234 10.643774410709739 43.66925393231213 0.0 0.0 1.0008000135421753 179.0 1.330598386E12 3762.856026525
235 10.643775584176183 43.66924383211881 0.0 0.0 1.0008000135421753 179.0 1.330598387E12 3763.899072567
236 10.643776590004563 43.669234067201614 0.0 0.0 1.0008000135421753 177.0 1.330598388E12 3764.9147109
237 10.643778182566166 43.66922438610345 0.0 0.0 1.0008000135421753 177.0 1.330598389E12 3765.853655192
238 10.643779439851642 43.66921520791948 0.0 0.0 0.9382500052452087 177.0 1.33059839E12 3766.95039215
239 10.643780529499054 43.66919735446572 0.0 0.0 0.9382500052452087 177.0 1.330598392E12 3768.987608567
240 10.643783044070005 43.66917929146439 0.0 0.0 1.063349962234497 175.0 1.330598394E12 3770.862428567
241 10.64378421753645 43.66916935890913 0.0 0.0 1.0008000135421753 176.0 1.330598395E12 3771.96108715
242 10.643785893917084 43.66916005499661 0.0 0.0 0.9382500052452087 175.0 1.330598396E12 3772.863265858
243 10.64378765411675 43.66914295591414 0.0 0.0 0.9382500052452087 175.0 1.330598398E12 3775.009723108
244 10.643788073211908 43.66912669502199 0.0 0.0 0.8131499886512756 176.0 1.3305984E12 3776.919473525
245 10.643790503963828 43.66910934448242 0.0 0.0 0.9382500052452087 179.0 1.330598402E12 3778.920975733
246 10.643792431801558 43.669091616757214 0.0 0.0 0.9382500052452087 178.0 1.330598404E12 3780.8719354
247 10.643793772906065 43.6690820613876 0.0 0.0 0.9382500052452087 176.0 1.330598405E12 3781.914819692
248 10.64379452727735 43.66907271556556 0.0 0.0 0.9382500052452087 176.0 1.330598406E12 3782.994059525
249 10.64379452727735 43.669063285924494 0.0 0.0 1.0008000135421753 177.0 1.330598407E12 3783.972965067
250 10.643794443458319 43.66904610302299 0.0 0.0 0.8756999969482422 178.0 1.330598409E12 3785.909255358
251 10.643795114010572 43.66903679911047 0.0 0.0 1.0008000135421753 177.0 1.33059841E12 3786.865561775
252 10.643796119838953 43.66902749519795 0.0 0.0 1.0008000135421753 176.0 1.330598411E12 3787.935196567
253 10.643796790391207 43.66901831701398 0.0 0.0 0.9382500052452087 176.0 1.330598412E12 3788.90690415
254 10.643798131495714 43.66900117602199 0.0 0.0 1.0008000135421753 175.0 1.330598414E12 3790.88123765
255 10.643797796219587 43.66898424457759 0.0 0.0 0.9382500052452087 176.0 1.330598416E12 3792.860429567
256 10.64379838295281 43.6689671035856 0.0 0.0 0.8756999969482422 173.0 1.330598418E12 3795.011089067
257 10.643798802047968 43.66895717103034 0.0 0.0 0.9382500052452087 174.0 1.330598419E12 3795.881577608
258 10.643799724057317 43.66894769947976 0.0 0.0 0.9382500052452087 173.0 1.33059842E12 3796.981935483
259 10.643800562247634 43.66893814411014 0.0 0.0 0.9382500052452087 173.0 1.330598421E12 3797.862558567
260 10.643801232799888 43.66892909165472 0.0 0.0 0.9382500052452087 173.0 1.330598422E12 3798.893473483
261 10.643801065161824 43.66891903337091 0.0 0.0 1.0008000135421753 175.0 1.330598423E12 3799.86807915
262 10.64380089752376 43.66890901699662 0.0 0.0 1.0008000135421753 175.0 1.330598424E12 3800.888855358
263 10.643800729885697 43.66889979690313 0.0 0.0 0.9382500052452087 176.0 1.330598425E12 3801.965466317
264 10.643800813704729 43.668890786357224 0.0 0.0 0.9382500052452087 177.0 1.330598426E12 3802.873716608
265 10.643800646066666 43.66887201089412 0.0 0.0 1.063349962234497 177.0 1.330598428E12 3804.857873942
266 10.643801484256983 43.66886279080063 0.0 0.0 0.9382500052452087 175.0 1.330598429E12 3805.942215858
267 10.643798802047968 43.66884673945606 0.0 0.0 0.8756999969482422 176.0 1.330598431E12 3807.929306483
268 10.643798634409904 43.66883743554354 0.0 0.0 0.9382500052452087 176.0 1.330598432E12 3808.867526067
269 10.643798466771841 43.66881949827075 0.0 0.0 1.0008000135421753 176.0 1.330598434E12 3810.8414999
270 10.643799472600222 43.6688098590821 0.0 0.0 0.8756999969482422 176.0 1.330598435E12 3811.930934233
271 10.643799556419253 43.668800638988614 0.0 0.0 0.9382500052452087 177.0 1.330598436E12 3812.877209733
272 10.64379938878119 43.668791209347546 0.0 0.0 0.9382500052452087 177.0 1.330598437E12 3813.876045775
273 10.643799724057317 43.66878194734454 0.0 0.0 0.9382500052452087 177.0 1.330598438E12 3814.876797692
274 10.643799304962158 43.66876476444304 0.0 0.0 1.0008000135421753 177.0 1.33059844E12 3816.8487444
275 10.643800646066666 43.66874682717025 0.0 0.0 0.8756999969482422 176.0 1.330598442E12 3818.967250358
276 10.643802573904395 43.668737900443375 0.0 0.0 0.9382500052452087 175.0 1.330598443E12 3819.861680233
277 10.64380525611341 43.66871954407543 0.0 0.0 1.0008000135421753 176.0 1.330598445E12 3821.881696525
278 10.643805088475347 43.66871032398194 0.0 0.0 0.9382500052452087 178.0 1.330598446E12 3822.980521733
279 10.643802909180522 43.66869305726141 0.0 0.0 0.9382500052452087 178.0 1.330598448E12 3824.941003733
280 10.643802490085363 43.668676796369255 0.0 0.0 0.8131499886512756 178.0 1.33059845E12 3826.889400233
281 10.643802154809237 43.66866359487176 0.0 0.0 0.4378499984741211 173.0 1.330598452E12 3828.8764659
