R E   tau stati

0 10 -1 1322044628,1800
0 11 -1 1322044628,2140
0 12 -1 1322044628,2740
0 13 -1 1322044628,3050
0 14 -1 1322044628,3400
0 15 -1 1322044628,3710
0 16 -1 1322044628,4300
0 17 -1 1322044628,4650
0 18 -1 1322044628,5000
1 19 16 2 3 3 3 3 3 0 0 0 0 0 0 0 0 0 0 1322044628,5370
0 4 -1 1322044628,5890
0 5 -1 1322044628,6260
0 6 -1 1322044628,6550
0 7 -1 1322044628,7290
0 8 -1 1322044628,7500
0 9 -1 1322044628,7810
0 10 -1 1322044628,8160
0 11 -1 1322044628,8700
0 12 -1 1322044628,9060
0 13 -1 1322044628,9410
0 14 -1 1322044629,0010
0 15 -1 1322044629,0310
0 16 -1 1322044629,0660
0 17 -1 1322044629,1010
0 18 -1 1322044629,1310
1 19 15 0 1 1 1 1 1 1 1 1 1 1 1 1 1 1 1322044629,1970
0 5 -1 1322044629,2290
0 6 -1 1322044629,2760
0 7 -1 1322044629,3100
0 8 -1 1322044629,3410
0 9 -1 1322044629,4010
0 10 -1 1322044629,4350
0 11 -1 1322044629,4710
0 12 -1 1322044629,5050
0 13 -1 1322044629,5410
0 14 -1 1322044629,5750
0 15 -1 1322044629,6310
0 16 -1 1322044629,6650
0 17 -1 1322044629,7010
0 18 -1 1322044629,7610
0 19 -1 1322044629,7900
0 20 -1 1322044629,8250
1 21 18 2 3 3 3 3 3 0 0 0 0 0 0 0 0 0 0 0 0 1322044629,8570
0 4 -1 1322044629,9200
0 5 -1 1322044629,9510
0 6 -1 1322044629,9870
0 7 -1 1322044630,0400
0 8 -1 1322044630,0740
0 9 -1 1322044630,1060
0 10 -1 1322044630,1400
0 11 -1 1322044630,2000
0 12 -1 1322044630,2310
0 13 -1 1322044630,2660
0 14 -1 1322044630,3020
0 15 -1 1322044630,3310
0 16 -1 1322044630,3900
1 17 13 0 1 1 1 1 1 1 1 1 1 1 1 1 1322044630,4260
0 5 -1 1322044630,4600
0 6 -1 1322044630,4910
1 7 4 2 3 3 3 1322044630,5550
0 4 -1 1322044630,5910
0 5 -1 1322044630,6300
0 6 -1 1322044630,6600
0 7 -1 1322044630,6950
0 8 -1 1322044630,7500
0 9 -1 1322044630,7800
0 10 -1 1322044630,8160
0 11 -1 1322044630,8800
0 12 -1 1322044630,9160
0 13 -1 1322044630,9410
0 14 -1 1322044631,0000
0 15 -1 1322044631,0300
1 16 13 3 3 0 0 0 0 0 0 0 0 0 0 0 1322044631,0670
0 4 -1 1322044631,1040
0 5 -1 1322044631,1600
0 6 -1 1322044631,1900
0 7 -1 1322044631,2250
0 8 -1 1322044631,2600
0 9 -1 1322044631,2910
0 10 -1 1322044631,3500
0 11 -1 1322044631,3830
0 12 -1 1322044631,4350
0 13 -1 1322044631,4660
0 14 -1 1322044631,5000
0 15 -1 1322044631,5310
0 16 -1 1322044631,5900
0 17 -1 1322044631,6250
0 18 -1 1322044631,6610
1 19 14 0 1 1 1 1 1 1 1 1 1 1 1 1 1 1322044631,6910
0 6 -1 1322044631,7500
0 7 -1 1322044631,7810
0 8 -1 1322044631,8400
0 9 -1 1322044631,8850
0 10 -1 1322044631,9060
0 11 -1 1322044631,9400
0 12 -1 1322044631,9940
0 13 -1 1322044632,0250
0 14 -1 1322044632,0590
0 15 -1 1322044632,1190
0 16 -1 1322044632,1500
0 17 -1 1322044632,1850
0 18 -1 1322044632,2160
0 19 -1 1322044632,2760
1 20 17 2 3 3 3 3 3 0 0 0 0 0 0 0 0 0 0 0 1322044632,3160
0 4 -1 1322044632,3450
0 5 -1 1322044632,4050
0 6 -1 1322044632,4350
0 7 -1 1322044632,4690
0 8 -1 1322044632,5010
0 9 -1 1322044632,5350
0 10 -1 1322044632,5700
0 11 -1 1322044632,6300
0 12 -1 1322044632,6600
0 13 -1 1322044632,6950
0 14 -1 1322044632,7670
0 15 -1 1322044632,8000
0 16 -1 1322044632,8220
0 17 -1 1322044632,8500
1 18 13 0 1 1 1 1 1 1 1 1 1 1 1 1 1322044632,9110
0 6 -1 1322044632,9410
0 7 -1 1322044632,9760
0 8 -1 1322044633,0410
0 9 -1 1322044633,0710
0 10 -1 1322044633,1200
0 11 -1 1322044633,1510
0 12 -1 1322044633,1860
0 13 -1 1322044633,2210
0 14 -1 1322044633,2600
0 15 -1 1322044633,2900
0 16 -1 1322044633,3500
0 17 -1 1322044633,3800
0 18 -1 1322044633,4100
0 19 -1 1322044633,4710
1 20 17 2 3 3 3 3 3 0 0 0 0 0 0 0 0 0 0 0 1322044633,5110
0 4 -1 1322044633,5410
0 5 -1 1322044633,5700
0 6 -1 1322044633,6300
0 7 -1 1322044633,6650
0 8 -1 1322044633,6960
0 9 -1 1322044633,7300
0 10 -1 1322044633,7900
0 11 -1 1322044633,8210
0 12 -1 1322044633,8550
0 13 -1 1322044633,9100
0 14 -1 1322044633,9460
0 15 -1 1322044633,9800
0 16 -1 1322044634,0400
0 17 -1 1322044634,0700
0 18 -1 1322044634,1220
1 19 15 0 1 1 1 1 1 1 1 1 1 1 1 1 1 2 1322044634,1550
0 5 -1 1322044634,1960
0 6 -1 1322044634,2300
0 7 -1 1322044634,2650
0 8 -1 1322044634,3000
0 9 -1 1322044634,3300
0 10 -1 1322044634,4000
0 11 -1 1322044634,4360
0 12 -1 1322044634,4700
0 13 -1 1322044634,5060
0 14 -1 1322044634,5400
0 15 -1 1322044634,5950
0 16 -1 1322044634,6300
0 17 -1 1322044634,6610
0 18 -1 1322044634,7000
0 19 -1 1322044634,7300
0 20 -1 1322044634,7900
1 21 18 2 3 3 3 3 0 0 0 0 0 0 0 0 0 0 0 0 0 1322044634,8230
0 4 -1 1322044634,8550
0 5 -1 1322044634,9110
0 6 -1 1322044634,9550
0 7 -1 1322044634,9800
0 8 -1 1322044635,0100
0 9 -1 1322044635,0700
0 10 -1 1322044635,1050
0 11 -1 1322044635,1360
0 12 -1 1322044635,2000
0 13 -1 1322044635,2300
0 14 -1 1322044635,2650
0 15 -1 1322044635,3200
0 16 -1 1322044635,3550
0 17 -1 1322044635,3860
1 18 13 0 1 1 1 1 1 1 1 1 1 1 1 1 1322044635,4210
0 6 -1 1322044635,4540
0 7 -1 1322044635,5150
0 8 -1 1322044635,5450
0 9 -1 1322044635,5800
0 10 -1 1322044635,6360
0 11 -1 1322044635,6850
0 12 -1 1322044635,7150
0 13 -1 1322044635,7450
0 14 -1 1322044635,8050
0 15 -1 1322044635,8350
0 16 -1 1322044635,8710
0 17 -1 1322044635,9100
0 18 -1 1322044635,9400
0 19 -1 1322044636,0000
1 20 17 2 3 3 3 3 3 0 0 0 0 0 0 0 0 0 0 0 1322044636,0320
0 4 -1 1322044636,0660
0 5 -1 1322044636,1210
0 6 -1 1322044636,1600
0 7 -1 1322044636,1900
0 8 -1 1322044636,2260
0 9 -1 1322044636,2550
0 10 -1 1322044636,3140
0 11 -1 1322044636,3460
0 12 -1 1322044636,3850
0 13 -1 1322044636,4150
0 14 -1 1322044636,4750
0 15 -1 1322044636,5050
0 16 -1 1322044636,5400
0 17 -1 1322044636,5760
1 18 13 0 1 1 1 1 1 1 1 1 1 1 1 1 1322044636,6360
0 6 -1 1322044636,6710
0 7 -1 1322044636,6910
0 8 -1 1322044636,7510
0 9 -1 1322044636,7800
0 10 -1 1322044636,8380
0 11 -1 1322044636,8800
0 12 -1 1322044636,9100
0 13 -1 1322044636,9650
0 14 -1 1322044636,9950
0 15 -1 1322044637,0300
0 16 -1 1322044637,0610
0 17 -1 1322044637,1040
0 18 -1 1322044637,1560
1 19 16 2 3 3 3 3 3 0 0 0 0 0 0 0 0 0 0 1322044637,1910
0 4 -1 1322044637,2200
0 5 -1 1322044637,2500
0 6 -1 1322044637,3110
0 7 -1 1322044637,3500
0 8 -1 1322044637,3800
0 9 -1 1322044637,4160
0 10 -1 1322044637,4700
0 11 -1 1322044637,5000
0 12 -1 1322044637,5360
0 13 -1 1322044637,5760
0 14 -1 1322044637,6300
0 15 -1 1322044637,6910
0 16 -1 1322044637,7060
0 17 -1 1322044637,7450
0 18 -1 1322044637,7810
1 19 14 0 1 1 1 1 1 1 1 1 1 1 1 1 1 1322044637,8210
0 6 -1 1322044637,8750
0 7 -1 1322044637,9100
0 8 -1 1322044637,9410
0 9 -1 1322044638,0010
0 10 -1 1322044638,0310
0 11 -1 1322044638,0700
0 12 -1 1322044638,1000
0 13 -1 1322044638,1600
0 14 -1 1322044638,1900
0 15 -1 1322044638,2630
0 16 -1 1322044638,2980
0 17 -1 1322044638,3140
0 18 -1 1322044638,3490
0 19 -1 1322044638,3800
0 20 -1 1322044638,4400
1 21 18 2 3 3 3 3 3 0 0 0 0 0 0 0 0 0 0 0 0 1322044638,4710
0 4 -1 1322044638,5010
0 5 -1 1322044638,5400
0 6 -1 1322044638,5950
0 7 -1 1322044638,6310
0 8 -1 1322044638,6600
0 9 -1 1322044638,7160
0 10 -1 1322044638,7510
0 11 -1 1322044638,7900
0 12 -1 1322044638,8200
0 13 -1 1322044638,8500
0 14 -1 1322044638,9100
0 15 -1 1322044638,9410
0 16 -1 1322044638,9760
1 17 13 0 1 1 1 1 1 1 1 1 1 1 1 1 1322044639,0160
0 5 -1 1322044639,0700
0 6 -1 1322044639,1050
0 7 -1 1322044639,1350
0 8 -1 1322044639,1950
0 9 -1 1322044639,2260
0 10 -1 1322044639,2600
0 11 -1 1322044639,2950
0 12 -1 1322044639,3550
0 13 -1 1322044639,3850
0 14 -1 1322044639,4200
0 15 -1 1322044639,4510
0 16 -1 1322044639,5150
0 17 -1 1322044639,5510
0 18 -1 1322044639,5810
0 19 -1 1322044639,6400
1 20 17 2 3 3 3 3 3 0 0 0 0 0 0 0 0 0 0 0 1322044639,6720
0 4 -1 1322044639,7060
0 5 -1 1322044639,7400
0 6 -1 1322044639,7750
0 7 -1 1322044639,8300
0 8 -1 1322044639,8660
0 9 -1 1322044639,9010
0 10 -1 1322044639,9560
0 11 -1 1322044639,9900
0 12 -1 1322044640,0260
0 13 -1 1322044640,0600
0 14 -1 1322044640,1160
0 15 -1 1322044640,1510
0 16 -1 1322044640,1840
0 17 -1 1322044640,2140
1 18 13 0 1 1 1 1 1 1 1 1 1 1 1 1 1322044640,2750
0 6 -1 1322044640,3040
0 7 -1 1322044640,3390
0 8 -1 1322044640,3940
0 9 -1 1322044640,4300
0 10 -1 1322044640,4640
0 11 -1 1322044640,4990
0 12 -1 1322044640,5290
0 13 -1 1322044640,5890
0 14 -1 1322044640,6240
0 15 -1 1322044640,6550
0 16 -1 1322044640,7140
0 17 -1 1322044640,7490
0 18 -1 1322044640,7740
0 19 -1 1322044640,8140
0 20 -1 1322044640,8690
1 21 17 2 3 3 3 3 3 3 0 0 0 0 0 0 0 0 0 0 1322044640,9050
0 5 -1 1322044640,9390
0 6 -1 1322044640,9990
0 7 -1 1322044641,0290
0 8 -1 1322044641,0640
0 9 -1 1322044641,0940
0 10 -1 1322044641,1550
0 11 -1 1322044641,1890
0 12 -1 1322044641,2240
0 13 -1 1322044641,2540
0 14 -1 1322044641,3150
0 15 -1 1322044641,3440
0 16 -1 1322044641,3800
0 17 -1 1322044641,4140
0 18 -1 1322044641,4740
1 19 14 0 1 1 1 1 1 1 1 1 1 1 1 1 1 1322044641,5050
0 6 -1 1322044641,5390
0 7 -1 1322044641,5940
0 8 -1 1322044641,6300
0 9 -1 1322044641,6640
0 10 -1 1322044641,7240
0 11 -1 1322044641,7540
0 12 -1 1322044641,7890
0 13 -1 1322044641,8190
0 14 -1 1322044641,8550
0 15 -1 1322044641,8890
0 16 -1 1322044641,9490
0 17 -1 1322044641,9790
0 18 -1 1322044642,0140
0 19 -1 1322044642,0890
0 20 -1 1322044642,1200
1 21 18 2 3 3 3 3 3 0 0 0 0 0 0 0 0 0 0 0 0 1322044642,1550
0 4 -1 1322044642,1890
0 5 -1 1322044642,2190
0 6 -1 1322044642,2540
0 7 -1 1322044642,3280
0 8 -1 1322044642,3670
0 9 -1 1322044642,3860
0 10 -1 1322044642,4190
0 11 -1 1322044642,4690
0 12 -1 1322044642,5040
0 13 -1 1322044642,5340
0 14 -1 1322044642,5950
0 15 -1 1322044642,6290
0 16 -1 1322044642,6640
0 17 -1 1322044642,6940
1 18 13 0 1 1 1 1 1 1 1 1 1 1 1 1 1322044642,7550
0 6 -1 1322044642,7840
0 7 -1 1322044642,8200
0 8 -1 1322044642,8540
0 9 -1 1322044642,9140
0 10 -1 1322044642,9440
0 11 -1 1322044642,9790
0 12 -1 1322044643,0090
0 13 -1 1322044643,0700
0 14 -1 1322044643,1040
0 15 -1 1322044643,1390
0 16 -1 1322044643,1940
0 17 -1 1322044643,2290
0 18 -1 1322044643,2590
0 19 -1 1322044643,2950
1 20 17 2 3 3 3 3 3 0 0 0 0 0 0 0 0 0 0 0 1322044643,3700
1 4 1 0 1322044643,3830
0 4 -1 1322044643,4290
0 5 -1 1322044643,4590
0 6 -1 1322044643,4940
0 7 -1 1322044643,5650
0 8 -1 1322044643,5990
0 9 -1 1322044643,6340
0 10 -1 1322044643,6830
0 11 -1 1322044643,7120
0 12 -1 1322044643,7300
0 13 -1 1322044643,7900
0 14 -1 1322044643,8300
0 15 -1 1322044643,8600
0 16 -1 1322044643,8950
0 17 -1 1322044643,9500
1 18 14 0 1 1 1 1 1 1 1 1 1 1 1 1 1 1322044643,9810
0 5 -1 1322044644,0160
0 6 -1 1322044644,0550
0 7 -1 1322044644,1100
0 8 -1 1322044644,1400
0 9 -1 1322044644,1750
0 10 -1 1322044644,2350
0 11 -1 1322044644,2660
0 12 -1 1322044644,3000
0 13 -1 1322044644,3360
0 14 -1 1322044644,3900
0 15 -1 1322044644,4250
0 16 -1 1322044644,4600
0 17 -1 1322044644,4910
0 18 -1 1322044644,5550
0 19 -1 1322044644,5850
1 20 16 2 3 3 3 3 0 0 0 0 0 0 0 0 0 0 0 1322044644,6210
0 5 -1 1322044644,6500
0 6 -1 1322044644,7100
0 7 -1 1322044644,7410
0 8 -1 1322044644,7800
0 9 -1 1322044644,8390
0 10 -1 1322044644,8650
0 11 -1 1322044644,8950
0 12 -1 1322044644,9350
0 13 -1 1322044644,9910
0 14 -1 1322044645,0300
0 15 -1 1322044645,0720
0 16 -1 1322044645,1040
0 17 -1 1322044645,1490
0 18 -1 1322044645,1840
1 19 14 0 1 1 1 1 1 1 1 1 1 1 1 1 1 1322044645,2150
0 6 -1 1322044645,2740
0 7 -1 1322044645,3090
0 8 -1 1322044645,3390
0 9 -1 1322044645,3990
0 10 -1 1322044645,4290
0 11 -1 1322044645,4650
0 12 -1 1322044645,4990
0 13 -1 1322044645,5340
0 14 -1 1322044645,5890
0 15 -1 1322044645,6240
0 16 -1 1322044645,6540
0 17 -1 1322044645,7150
0 18 -1 1322044645,7490
0 19 -1 1322044645,7840
0 20 -1 1322044645,8140
1 21 18 2 3 3 3 3 3 0 0 0 0 0 0 0 0 0 0 0 0 1322044645,8750
0 4 -1 1322044645,9290
0 5 -1 1322044645,9450
0 6 -1 1322044645,9790
0 7 -1 1322044646,0090
0 8 -1 1322044646,0690
0 9 -1 1322044646,0990
0 10 -1 1322044646,1340
0 11 -1 1322044646,1890
0 12 -1 1322044646,2240
0 13 -1 1322044646,2590
0 14 -1 1322044646,2890
0 15 -1 1322044646,3490
0 16 -1 1322044646,3790
0 17 -1 1322044646,4150
0 18 -1 1322044646,4520
1 19 14 0 1 1 1 1 1 1 1 1 1 1 1 1 1 1322044646,5100
0 6 -1 1322044646,5390
0 7 -1 1322044646,5740
0 8 -1 1322044646,6290
0 9 -1 1322044646,6650
0 10 -1 1322044646,6990
0 11 -1 1322044646,7340
0 12 -1 1322044646,7890
0 13 -1 1322044646,8240
0 14 -1 1322044646,8540
0 15 -1 1322044646,9150
0 16 -1 1322044646,9490
0 17 -1 1322044646,9840
0 18 -1 1322044647,0140
0 19 -1 1322044647,0740
1 20 17 2 3 3 3 3 3 0 0 0 0 0 0 0 0 0 0 0 1322044647,1050
0 4 -1 1322044647,1400
0 5 -1 1322044647,2090
0 6 -1 1322044647,2250
0 7 -1 1322044647,2690
0 8 -1 1322044647,3040
0 9 -1 1322044647,3340
0 10 -1 1322044647,3950
0 11 -1 1322044647,4290
0 12 -1 1322044647,4640
0 13 -1 1322044647,4940
0 14 -1 1322044647,5540
0 15 -1 1322044647,5840
0 16 -1 1322044647,6150
0 17 -1 1322044647,6740
1 18 14 0 1 1 1 1 1 1 1 1 1 1 1 1 1 1322044647,7090
0 5 -1 1322044647,7390
0 6 -1 1322044647,7860
0 7 -1 1322044647,8350
0 8 -1 1322044647,8660
0 9 -1 1322044647,9050
0 10 -1 1322044647,9350
0 11 -1 1322044647,9950
0 12 -1 1322044648,0300
0 13 -1 1322044648,0550
0 14 -1 1322044648,0910
0 15 -1 1322044648,1550
0 16 -1 1322044648,1850
0 17 -1 1322044648,2150
0 18 -1 1322044648,2750
0 19 -1 1322044648,3100
0 20 -1 1322044648,3410
1 21 18 2 3 3 3 3 0 0 0 0 0 0 0 0 0 0 0 0 0 1322044648,3800
0 4 -1 1322044648,4350
0 5 -1 1322044648,4950
0 6 -1 1322044648,5130
0 7 -1 1322044648,5500
0 8 -1 1322044648,5860
0 9 -1 1322044648,6250
0 10 -1 1322044648,6550
0 11 -1 1322044648,7150
0 12 -1 1322044648,7450
0 13 -1 1322044648,7800
0 14 -1 1322044648,8110
0 15 -1 1322044648,8750
0 16 -1 1322044648,9050
0 17 -1 1322044648,9400
1 18 13 0 1 1 1 1 1 1 1 1 1 1 1 1 1322044648,9710
0 6 -1 1322044649,0400
0 7 -1 1322044649,0710
0 8 -1 1322044649,1100
0 9 -1 1322044649,1560
0 10 -1 1322044649,2000
0 11 -1 1322044649,2300
0 12 -1 1322044649,2650
0 13 -1 1322044649,3210
0 14 -1 1322044649,3600
0 15 -1 1322044649,3910
0 16 -1 1322044649,4450
0 17 -1 1322044649,4640
0 18 -1 1322044649,5050
0 19 -1 1322044649,5440
1 20 17 2 3 3 3 3 3 0 0 0 0 0 0 0 0 0 0 0 1322044649,5860
0 4 -1 1322044649,6400
0 5 -1 1322044649,6750
0 6 -1 1322044649,7050
0 7 -1 1322044649,7750
0 8 -1 1322044649,7940
0 9 -1 1322044649,8190
0 10 -1 1322044649,8710
0 11 -1 1322044649,9000
0 12 -1 1322044649,9350
0 13 -1 1322044649,9900
0 14 -1 1322044650,0260
0 15 -1 1322044650,0650
0 16 -1 1322044650,0950
0 17 -1 1322044650,1550
1 18 13 0 1 1 1 1 1 1 1 1 1 1 1 1 1322044650,1860
0 6 -1 1322044650,2200
0 7 -1 1322044650,2760
0 8 -1 1322044650,3150
0 9 -1 1322044650,3450
0 10 -1 1322044650,3800
0 11 -1 1322044650,4100
0 12 -1 1322044650,4650
0 13 -1 1322044650,5210
0 14 -1 1322044650,5500
0 15 -1 1322044650,5740
0 16 -1 1322044650,6290
0 17 -1 1322044650,6840
0 18 -1 1322044650,7030
0 19 -1 1322044650,7500
1 20 17 2 3 3 3 3 3 0 0 0 0 0 0 0 0 0 0 0 1322044650,7850
0 4 -1 1322044650,8190
0 5 -1 1322044650,8740
0 6 -1 1322044650,9090
0 7 -1 1322044650,9390
0 8 -1 1322044650,9750
0 9 -1 1322044651,0540
0 10 -1 1322044651,0730
0 11 -1 1322044651,1140
0 12 -1 1322044651,1440
0 13 -1 1322044651,1790
0 14 -1 1322044651,2100
0 15 -1 1322044651,2690
0 16 -1 1322044651,3040
0 17 -1 1322044651,3590
1 18 14 0 1 1 1 1 1 1 1 1 1 1 1 1 1 1322044651,3950
0 5 -1 1322044651,4240
0 6 -1 1322044651,4600
0 7 -1 1322044651,4940
0 8 -1 1322044651,5540
0 9 -1 1322044651,5840
0 10 -1 1322044651,6340
0 11 -1 1322044651,6640
0 12 -1 1322044651,7000
0 13 -1 1322044651,7340
0 14 -1 1322044651,7940
0 15 -1 1322044651,8240
0 16 -1 1322044651,8770
0 17 -1 1322044651,9110
0 18 -1 1322044651,9500
1 19 16 2 3 3 3 3 3 0 0 0 0 0 0 0 0 0 0 1322044651,9850
0 4 -1 1322044652,0440
0 5 -1 1322044652,0740
0 6 -1 1322044652,1090
0 7 -1 1322044652,1390
0 8 -1 1322044652,1750
0 9 -1 1322044652,2340
0 10 -1 1322044652,2700
0 11 -1 1322044652,2990
0 12 -1 1322044652,3590
0 13 -1 1322044652,3940
0 14 -1 1322044652,4250
0 15 -1 1322044652,4590
0 16 -1 1322044652,5190
0 17 -1 1322044652,5490
0 18 -1 1322044652,5840
1 19 15 0 1 1 1 1 1 1 1 1 1 1 1 1 1 1 1322044652,6150
0 5 -1 1322044652,6740
0 6 -1 1322044652,7090
0 7 -1 1322044652,7440
0 8 -1 1322044652,7740
0 9 -1 1322044652,8340
0 10 -1 1322044652,8640
0 11 -1 1322044652,9000
0 12 -1 1322044652,9340
0 13 -1 1322044652,9940
0 14 -1 1322044653,0240
0 15 -1 1322044653,0740
0 16 -1 1322044653,1090
1 17 14 2 3 3 3 3 3 0 0 0 0 0 0 0 0 1322044653,1400
0 4 -1 1322044653,1740
0 5 -1 1322044653,2530
0 6 -1 1322044653,2900
1 7 4 0 0 0 0 1322044653,3240
0 4 -1 1322044653,3540
0 5 -1 1322044653,3900
0 6 -1 1322044653,4240
0 7 -1 1322044653,4590
0 8 -1 1322044653,4890
0 9 -1 1322044653,5490
0 10 -1 1322044653,5790
0 11 -1 1322044653,6150
0 12 -1 1322044653,6740
0 13 -1 1322044653,7090
0 14 -1 1322044653,7390
0 15 -1 1322044653,7740
0 16 -1 1322044653,8290
0 17 -1 1322044653,8650
1 18 13 0 1 1 1 1 1 1 1 1 1 1 1 1 1322044653,9000
0 6 -1 1322044653,9590
0 7 -1 1322044653,9890
0 8 -1 1322044654,0240
0 9 -1 1322044654,0540
0 10 -1 1322044654,1150
0 11 -1 1322044654,1490
0 12 -1 1322044654,1840
0 13 -1 1322044654,2140
0 14 -1 1322044654,2740
0 15 -1 1322044654,3040
0 16 -1 1322044654,3400
0 17 -1 1322044654,3740
0 18 -1 1322044654,4340
0 19 -1 1322044654,4640
1 20 17 2 3 3 3 3 3 0 0 0 0 0 0 0 0 0 0 0 1322044654,5000
0 4 -1 1322044654,5540
0 5 -1 1322044654,5900
0 6 -1 1322044654,6330
0 7 -1 1322044654,6700
0 8 -1 1322044654,7190
0 9 -1 1322044654,7490
0 10 -1 1322044654,7840
0 11 -1 1322044654,8170
0 12 -1 1322044654,8490
0 13 -1 1322044654,9190
0 14 -1 1322044654,9590
0 15 -1 1322044654,9840
0 16 -1 1322044655,0190
0 17 -1 1322044655,0500
0 18 -1 1322044655,1090
1 19 14 0 1 1 1 1 1 1 1 1 1 1 1 1 1 1322044655,1450
0 6 -1 1322044655,1740
0 7 -1 1322044655,2340
0 8 -1 1322044655,2640
0 9 -1 1322044655,3000
0 10 -1 1322044655,3340
0 11 -1 1322044655,3940
0 12 -1 1322044655,4240
0 13 -1 1322044655,4590
0 14 -1 1322044655,4940
0 15 -1 1322044655,5500
0 16 -1 1322044655,5850
0 17 -1 1322044655,6210
0 18 -1 1322044655,6750
0 19 -1 1322044655,7100
0 20 -1 1322044655,7400
1 21 18 2 3 3 3 3 3 0 0 0 0 0 0 0 0 0 0 0 0 1322044655,8010
0 4 -1 1322044655,8180
0 5 -1 1322044655,8700
0 6 -1 1322044655,9050
0 7 -1 1322044655,9350
0 8 -1 1322044655,9970
0 9 -1 1322044656,0330
0 10 -1 1322044656,0700
0 11 -1 1322044656,1000
0 12 -1 1322044656,1800
0 13 -1 1322044656,1970
0 14 -1 1322044656,2150
0 15 -1 1322044656,2710
0 16 -1 1322044656,3110
0 17 -1 1322044656,3400
0 18 -1 1322044656,4000
1 19 14 0 1 1 1 1 1 1 1 1 1 1 1 1 1 1322044656,4310
0 6 -1 1322044656,4600
0 7 -1 1322044656,5210
0 8 -1 1322044656,5600
0 9 -1 1322044656,5900
0 10 -1 1322044656,6250
0 11 -1 1322044656,6550
0 12 -1 1322044656,7150
0 13 -1 1322044656,7460
0 14 -1 1322044656,7800
0 15 -1 1322044656,8150
0 16 -1 1322044656,8750
0 17 -1 1322044656,9050
0 18 -1 1322044656,9400
0 19 -1 1322044656,9710
1 20 17 2 3 3 3 3 3 0 0 0 0 0 0 0 0 0 0 0 1322044657,0310
0 4 -1 1322044657,0650
0 5 -1 1322044657,1000
0 6 -1 1322044657,1350
0 7 -1 1322044657,1900
0 8 -1 1322044657,2260
0 9 -1 1322044657,2600
0 10 -1 1322044657,2960
0 11 -1 1322044657,3560
0 12 -1 1322044657,4040
0 13 -1 1322044657,4290
0 14 -1 1322044657,4610
0 15 -1 1322044657,5000
0 16 -1 1322044657,5550
0 17 -1 1322044657,5900
1 18 12 0 1 1 1 1 1 1 1 1 1 1 1 1322044657,6210
0 7 -1 1322044657,6800
0 8 -1 1322044657,7110
0 9 -1 1322044657,7500
0 10 -1 1322044657,8050
0 11 -1 1322044657,8240
0 12 -1 1322044657,8650
0 13 -1 1322044657,9010
0 14 -1 1322044657,9310
0 15 -1 1322044657,9950
0 16 -1 1322044658,0250
0 17 -1 1322044658,0610
0 18 -1 1322044658,0950
0 19 -1 1322044658,1500
0 20 -1 1322044658,1860
0 21 -1 1322044658,2200
1 22 19 1 2 3 3 3 3 3 3 0 0 0 0 0 0 0 0 0 0 0 1322044658,2810
0 4 -1 1322044658,3100
0 5 -1 1322044658,3450
0 6 -1 1322044658,3800
0 7 -1 1322044658,4110
0 8 -1 1322044658,4750
0 9 -1 1322044658,5050
0 10 -1 1322044658,5400
0 11 -1 1322044658,5740
0 12 -1 1322044658,6300
0 13 -1 1322044658,6610
0 14 -1 1322044658,7170
0 15 -1 1322044658,7580
0 16 -1 1322044658,8000
0 17 -1 1322044658,8300
0 18 -1 1322044658,8600
1 19 14 0 1 1 1 1 1 1 1 1 1 1 1 1 1 1322044658,9210
0 6 -1 1322044658,9600
0 7 -1 1322044658,9900
0 8 -1 1322044659,0210
0 9 -1 1322044659,0810
0 10 -1 1322044659,1150
0 11 -1 1322044659,1490
0 12 -1 1322044659,1900
0 13 -1 1322044659,2210
0 14 -1 1322044659,2810
0 15 -1 1322044659,3100
0 16 -1 1322044659,3400
0 17 -1 1322044659,3760
0 18 -1 1322044659,4100
0 19 -1 1322044659,4700
0 20 -1 1322044659,5050
1 21 18 2 3 3 3 3 3 0 0 0 0 0 0 0 0 0 0 0 0 1322044659,5360
0 4 -1 1322044659,5950
0 5 -1 1322044659,6260
0 6 -1 1322044659,6650
0 7 -1 1322044659,6950
0 8 -1 1322044659,7500
0 9 -1 1322044659,7850
0 10 -1 1322044659,8220
0 11 -1 1322044659,8510
0 12 -1 1322044659,9150
0 13 -1 1322044659,9450
0 14 -1 1322044659,9800
0 15 -1 1322044660,0200
0 16 -1 1322044660,0770
0 17 -1 1322044660,1160
1 18 13 0 1 1 1 1 1 1 1 1 1 1 1 1 1322044660,1560
0 6 -1 1322044660,1850
0 7 -1 1322044660,2150
0 8 -1 1322044660,2750
0 9 -1 1322044660,3050
0 10 -1 1322044660,3410
0 11 -1 1322044660,3790
0 12 -1 1322044660,4100
0 13 -1 1322044660,4700
0 14 -1 1322044660,5260
0 15 -1 1322044660,5410
0 16 -1 1322044660,5910
0 17 -1 1322044660,6300
0 18 -1 1322044660,6600
0 19 -1 1322044660,6900
1 20 17 2 3 3 3 3 3 0 0 0 0 0 0 0 0 0 0 0 1322044660,7510
0 4 -1 1322044660,7800
0 5 -1 1322044660,8160
0 6 -1 1322044660,8790
0 7 -1 1322044660,9100
0 8 -1 1322044660,9450
0 9 -1 1322044661,0000
0 10 -1 1322044661,0350
0 11 -1 1322044661,0660
0 12 -1 1322044661,1050
0 13 -1 1322044661,1350
0 14 -1 1322044661,1950
0 15 -1 1322044661,2350
0 16 -1 1322044661,2650
0 17 -1 1322044661,3260
0 18 -1 1322044661,3650
1 19 14 0 1 1 1 1 1 1 1 1 1 1 1 1 1 1322044661,3960
0 6 -1 1322044661,4470
0 7 -1 1322044661,4650
0 8 -1 1322044661,5440
0 9 -1 1322044661,5600
0 10 -1 1322044661,5890
0 11 -1 1322044661,6290
0 12 -1 1322044661,6700
0 13 -1 1322044661,7090
0 14 -1 1322044661,7540
0 15 -1 1322044661,7950
0 16 -1 1322044661,8350
0 17 -1 1322044661,8690
0 18 -1 1322044661,8990
0 19 -1 1322044661,9340
0 20 -1 1322044661,9990
1 21 18 2 3 3 3 3 3 0 0 0 0 0 0 0 0 0 0 0 0 1322044662,0450
0 4 -1 1322044662,0600
0 5 -1 1322044662,0950
0 6 -1 1322044662,1540
0 7 -1 1322044662,1840
0 8 -1 1322044662,2190
0 9 -1 1322044662,2550
0 10 -1 1322044662,2940
0 11 -1 1322044662,3350
0 12 -1 1322044662,3740
0 13 -1 1322044662,4140
0 14 -1 1322044662,4590
0 15 -1 1322044662,5000
0 16 -1 1322044662,5390
0 17 -1 1322044662,5840
0 18 -1 1322044662,6240
1 19 14 0 1 1 1 1 1 1 1 1 1 1 1 1 1 1322044662,6600
0 6 -1 1322044662,6890
0 7 -1 1322044662,7490
0 8 -1 1322044662,7840
0 9 -1 1322044662,8420
0 10 -1 1322044662,8820
0 11 -1 1322044662,9090
0 12 -1 1322044662,9440
0 13 -1 1322044663,0000
0 14 -1 1322044663,0340
0 15 -1 1322044663,0700
0 16 -1 1322044663,0990
0 17 -1 1322044663,1340
0 18 -1 1322044663,1890
0 19 -1 1322044663,2250
1 20 17 2 3 3 3 3 3 0 0 0 0 0 0 0 0 0 0 0 1322044663,2600
1 4 1 0 1322044663,3190
0 4 -1 1322044663,3490
0 5 -1 1322044663,3840
0 6 -1 1322044663,4140
0 7 -1 1322044663,4750
0 8 -1 1322044663,5090
0 9 -1 1322044663,5440
0 10 -1 1322044663,5790
0 11 -1 1322044663,6340
0 12 -1 1322044663,6690
0 13 -1 1322044663,7000
0 14 -1 1322044663,7340
0 15 -1 1322044663,7940
0 16 -1 1322044663,8240
0 17 -1 1322044663,8640
0 18 -1 1322044663,8940
1 19 14 0 1 1 1 1 1 1 1 1 1 1 1 1 1 1322044663,9550
0 6 -1 1322044663,9890
0 7 -1 1322044664,0240
0 8 -1 1322044664,0540
0 9 -1 1322044664,1140
0 10 -1 1322044664,1440
0 11 -1 1322044664,1800
0 12 -1 1322044664,2220
0 13 -1 1322044664,2750
0 14 -1 1322044664,3050
0 15 -1 1322044664,3440
0 16 -1 1322044664,3700
0 17 -1 1322044664,4310
0 18 -1 1322044664,4700
0 19 -1 1322044664,5000
0 20 -1 1322044664,5300
1 21 18 2 3 3 3 3 3 0 0 0 0 0 0 0 0 0 0 0 0 1322044664,5910
0 4 -1 1322044664,6200
0 5 -1 1322044664,6560
0 6 -1 1322044664,7200
0 7 -1 1322044664,7500
0 8 -1 1322044664,7800
0 9 -1 1322044664,8400
0 10 -1 1322044664,8700
0 11 -1 1322044664,9060
0 12 -1 1322044664,9400
0 13 -1 1322044664,9750
0 14 -1 1322044665,0300
0 15 -1 1322044665,0650
0 16 -1 1322044665,1000
0 17 -1 1322044665,1460
1 18 13 0 1 1 1 1 1 1 1 1 1 1 1 1 1322044665,1910
0 6 -1 1322044665,2200
0 7 -1 1322044665,2650
0 8 -1 1322044665,3000
0 9 -1 1322044665,3550
0 10 -1 1322044665,3900
0 11 -1 1322044665,4250
0 12 -1 1322044665,4600
0 13 -1 1322044665,4910
0 14 -1 1322044665,5620
0 15 -1 1322044665,5830
0 16 -1 1322044665,6230
0 17 -1 1322044665,6640
0 18 -1 1322044665,7190
0 19 -1 1322044665,7540
0 20 -1 1322044665,7840
1 21 18 2 3 3 3 3 3 0 0 0 0 0 0 0 0 0 0 0 0 1322044665,8200
0 4 -1 1322044665,8500
0 5 -1 1322044665,9090
0 6 -1 1322044665,9440
0 7 -1 1322044665,9740
0 8 -1 1322044666,0340
0 9 -1 1322044666,0640
0 10 -1 1322044666,1000
0 11 -1 1322044666,1590
0 12 -1 1322044666,1940
0 13 -1 1322044666,2240
0 14 -1 1322044666,2590
0 15 -1 1322044666,3140
0 16 -1 1322044666,3500
0 17 -1 1322044666,3840
1 18 13 0 1 1 1 1 1 1 1 1 1 1 1 1 1322044666,4250
0 6 -1 1322044666,4540
0 7 -1 1322044666,5190
0 8 -1 1322044666,5440
0 9 -1 1322044666,5800
0 10 -1 1322044666,6140
0 11 -1 1322044666,6740
0 12 -1 1322044666,7040
0 13 -1 1322044666,7390
0 14 -1 1322044666,7940
0 15 -1 1322044666,8300
0 16 -1 1322044666,8640
1 17 14 2 3 3 3 3 3 0 0 0 0 0 0 0 0 1322044666,9220
0 4 -1 1322044666,9600
0 5 -1 1322044666,9890
0 6 -1 1322044667,0240
1 7 4 0 0 0 0 1322044667,0800
0 4 -1 1322044667,1140
0 5 -1 1322044667,1490
0 6 -1 1322044667,1790
0 7 -1 1322044667,2140
0 8 -1 1322044667,2740
0 9 -1 1322044667,3050
0 10 -1 1322044667,3390
0 11 -1 1322044667,3740
0 12 -1 1322044667,4290
0 13 -1 1322044667,4640
0 14 -1 1322044667,4940
0 15 -1 1322044667,5550
0 16 -1 1322044667,5890
0 17 -1 1322044667,6240
1 18 13 0 1 1 1 1 1 1 1 1 1 1 1 1 1322044667,6540
0 6 -1 1322044667,7040
0 7 -1 1322044667,7390
0 8 -1 1322044667,7750
0 9 -1 1322044667,8090
0 10 -1 1322044667,8690
0 11 -1 1322044667,8990
0 12 -1 1322044667,9340
0 13 -1 1322044667,9890
0 14 -1 1322044668,0500
0 15 -1 1322044668,0630
0 16 -1 1322044668,1090
0 17 -1 1322044668,1440
0 18 -1 1322044668,1740
0 19 -1 1322044668,2340
0 20 -1 1322044668,2650
1 21 18 2 3 3 3 3 3 0 0 0 0 0 0 0 0 0 0 0 0 1322044668,3020
0 4 -1 1322044668,3390
0 5 -1 1322044668,3940
0 6 -1 1322044668,4240
0 7 -1 1322044668,4590
0 8 -1 1322044668,5150
0 9 -1 1322044668,5490
0 10 -1 1322044668,5840
0 11 -1 1322044668,6140
0 12 -1 1322044668,6740
0 13 -1 1322044668,7040
0 14 -1 1322044668,7400
0 15 -1 1322044668,7740
0 16 -1 1322044668,8340
0 17 -1 1322044668,8640
1 18 14 0 1 1 1 1 1 1 1 1 1 1 1 1 1 1322044668,9000
0 5 -1 1322044668,9290
0 6 -1 1322044668,9850
0 7 -1 1322044669,0190
0 8 -1 1322044669,0540
0 9 -1 1322044669,1090
0 10 -1 1322044669,1440
0 11 -1 1322044669,1740
0 12 -1 1322044669,2350
0 13 -1 1322044669,2740
0 14 -1 1322044669,3040
0 15 -1 1322044669,3340
0 16 -1 1322044669,3740
1 17 14 2 3 3 3 3 3 0 0 0 0 0 0 0 0 1322044669,4290
0 4 -1 1322044669,4650
0 5 -1 1322044669,4990
1 6 3 0 0 0 1322044669,5340
0 4 -1 1322044669,5890
0 5 -1 1322044669,6240
0 6 -1 1322044669,6540
0 7 -1 1322044669,7150
0 8 -1 1322044669,7540
0 9 -1 1322044669,7850
0 10 -1 1322044669,8160
0 11 -1 1322044669,8750
0 12 -1 1322044669,9050
0 13 -1 1322044669,9440
0 14 -1 1322044669,9850
0 15 -1 1322044670,0150
0 16 -1 1322044670,0750
0 17 -1 1322044670,1050
1 18 14 0 1 1 1 1 1 1 1 1 1 1 1 1 1 1322044670,1360
0 5 -1 1322044670,1710
0 6 -1 1322044670,2350
0 7 -1 1322044670,2650
0 8 -1 1322044670,3010
0 9 -1 1322044670,3350
0 10 -1 1322044670,3900
0 11 -1 1322044670,4250
0 12 -1 1322044670,4600
0 13 -1 1322044670,4950
0 14 -1 1322044670,5500
0 15 -1 1322044670,5860
0 16 -1 1322044670,6150
0 17 -1 1322044670,6760
0 18 -1 1322044670,7140
0 19 -1 1322044670,7450
1 20 17 2 3 3 3 3 0 0 0 0 0 0 0 0 0 0 0 0 1322044670,7810
0 4 -1 1322044670,8100
0 5 -1 1322044670,8710
0 6 -1 1322044670,9010
0 7 -1 1322044670,9650
0 8 -1 1322044670,9950
0 9 -1 1322044671,0310
0 10 -1 1322044671,0600
0 11 -1 1322044671,0940
0 12 -1 1322044671,1680
0 13 -1 1322044671,1950
0 14 -1 1322044671,2340
0 15 -1 1322044671,2800
0 16 -1 1322044671,3100
0 17 -1 1322044671,3460
0 18 -1 1322044671,4010
1 19 13 0 1 1 1 1 1 1 1 1 1 1 1 1 1322044671,4360
0 7 -1 1322044671,4700
0 8 -1 1322044671,5050
0 9 -1 1322044671,5500
0 10 -1 1322044671,5800
0 11 -1 1322044671,6160
0 12 -1 1322044671,6750
0 13 -1 1322044671,7100
0 14 -1 1322044671,7450
0 15 -1 1322044671,8000
0 16 -1 1322044671,8250
0 17 -1 1322044671,8560
0 18 -1 1322044671,9150
0 19 -1 1322044671,9500
0 20 -1 1322044671,9850
1 21 18 2 3 3 3 3 3 3 0 0 0 0 0 0 0 0 0 0 0 1322044672,0410
0 4 -1 1322044672,0710
0 5 -1 1322044672,1060
0 6 -1 1322044672,1450
0 7 -1 1322044672,1800
0 8 -1 1322044672,2350
0 9 -1 1322044672,2650
0 10 -1 1322044672,3000
0 11 -1 1322044672,3310
0 12 -1 1322044672,3950
0 13 -1 1322044672,4250
0 14 -1 1322044672,4600
0 15 -1 1322044672,5060
0 16 -1 1322044672,5500
0 17 -1 1322044672,5810
0 18 -1 1322044672,6200
1 19 14 0 1 1 1 1 1 1 1 1 1 1 1 1 1 1322044672,6760
0 6 -1 1322044672,7100
0 7 -1 1322044672,7400
0 8 -1 1322044672,7750
0 9 -1 1322044672,8310
0 10 -1 1322044672,8690
0 11 -1 1322044672,9250
0 12 -1 1322044672,9550
0 13 -1 1322044672,9900
0 14 -1 1322044673,0250
0 15 -1 1322044673,0810
0 16 -1 1322044673,1190
0 17 -1 1322044673,1500
0 18 -1 1322044673,1800
1 19 16 2 3 3 3 3 3 0 0 0 0 0 0 0 0 0 0 1322044673,2200
0 4 -1 1322044673,2750
0 5 -1 1322044673,3060
0 6 -1 1322044673,3450
0 7 -1 1322044673,3750
0 8 -1 1322044673,4350
0 9 -1 1322044673,4700
0 10 -1 1322044673,5000
0 11 -1 1322044673,5610
0 12 -1 1322044673,5790
0 13 -1 1322044673,6300
0 14 -1 1322044673,6650
0 15 -1 1322044673,6950
0 16 -1 1322044673,7550
0 17 -1 1322044673,7860
0 18 -1 1322044673,8250
1 19 14 0 1 1 1 1 1 1 1 1 1 1 1 1 1 1322044673,8720
0 6 -1 1322044673,9150
0 7 -1 1322044673,9450
0 8 -1 1322044673,9790
0 9 -1 1322044674,0350
0 10 -1 1322044674,0690
0 11 -1 1322044674,1090
0 12 -1 1322044674,1390
0 13 -1 1322044674,1990
0 14 -1 1322044674,2290
0 15 -1 1322044674,2650
0 16 -1 1322044674,2990
0 17 -1 1322044674,3340
0 18 -1 1322044674,3890
0 19 -1 1322044674,4240
0 20 -1 1322044674,4540
1 21 18 2 3 3 3 3 3 0 0 0 0 0 0 0 0 0 0 0 0 1322044674,4900
0 4 -1 1322044674,5490
0 5 -1 1322044674,5840
0 6 -1 1322044674,6140
0 7 -1 1322044674,6740
0 8 -1 1322044674,7040
0 9 -1 1322044674,7390
0 10 -1 1322044674,7740
0 11 -1 1322044674,8340
0 12 -1 1322044674,8640
0 13 -1 1322044674,8990
0 14 -1 1322044674,9540
0 15 -1 1322044674,9900
0 16 -1 1322044675,0240
0 17 -1 1322044675,0590
1 18 13 0 1 1 1 1 1 1 1 1 1 1 1 1 1322044675,0900
0 6 -1 1322044675,1490
0 7 -1 1322044675,1790
0 8 -1 1322044675,2160
0 9 -1 1322044675,2540
0 10 -1 1322044675,3090
0 11 -1 1322044675,3440
0 12 -1 1322044675,3890
0 13 -1 1322044675,4240
0 14 -1 1322044675,4610
0 15 -1 1322044675,5000
0 16 -1 1322044675,5300
0 17 -1 1322044675,5900
0 18 -1 1322044675,6440
0 19 -1 1322044675,6580
1 20 17 2 3 3 3 3 3 0 0 0 0 0 0 0 0 0 0 0 1322044675,7060
0 4 -1 1322044675,7440
0 5 -1 1322044675,7740
0 6 -1 1322044675,8340
0 7 -1 1322044675,8640
0 8 -1 1322044675,8990
0 9 -1 1322044675,9550
0 10 -1 1322044675,9890
0 11 -1 1322044676,0240
0 12 -1 1322044676,0540
0 13 -1 1322044676,1140
0 14 -1 1322044676,1440
0 15 -1 1322044676,1800
0 16 -1 1322044676,2140
0 17 -1 1322044676,2740
0 18 -1 1322044676,3040
1 19 14 0 1 1 1 1 1 1 1 1 1 1 1 1 1 1322044676,3400
0 6 -1 1322044676,3690
0 7 -1 1322044676,4300
0 8 -1 1322044676,4640
0 9 -1 1322044676,4990
0 10 -1 1322044676,5290
0 11 -1 1322044676,6080
0 12 -1 1322044676,6440
0 13 -1 1322044676,6740
0 14 -1 1322044676,7090
0 15 -1 1322044676,7390
0 16 -1 1322044676,7990
0 17 -1 1322044676,8290
0 18 -1 1322044676,8640
0 19 -1 1322044676,8950
0 20 -1 1322044676,9540
1 21 18 2 3 3 3 3 3 0 0 0 0 0 0 0 0 0 0 0 0 1322044676,9900
0 4 -1 1322044677,0190
0 5 -1 1322044677,0790
0 6 -1 1322044677,1090
0 7 -1 1322044677,1450
0 8 -1 1322044677,2040
0 9 -1 1322044677,2190
0 10 -1 1322044677,2640
0 11 -1 1322044677,2990
0 12 -1 1322044677,3290
0 13 -1 1322044677,3900
0 14 -1 1322044677,4240
0 15 -1 1322044677,4590
0 16 -1 1322044677,4890
0 17 -1 1322044677,5490
1 18 13 0 1 1 1 1 1 1 1 1 1 1 1 1 1322044677,5800
0 6 -1 1322044677,6390
0 7 -1 1322044677,6740
0 8 -1 1322044677,7090
0 9 -1 1322044677,7440
0 10 -1 1322044677,7740
0 11 -1 1322044677,8340
0 12 -1 1322044677,8700
0 13 -1 1322044677,9040
0 14 -1 1322044677,9540
0 15 -1 1322044677,9890
0 16 -1 1322044678,0240
0 17 -1 1322044678,0740
0 18 -1 1322044678,1100
0 19 -1 1322044678,1440
0 20 -1 1322044678,1790
1 21 18 2 3 3 3 3 3 0 0 0 0 0 0 0 0 0 0 0 0 1322044678,2350
0 4 -1 1322044678,2690
0 5 -1 1322044678,2990
0 6 -1 1322044678,3350
0 7 -1 1322044678,3740
0 8 -1 1322044678,4290
0 9 -1 1322044678,4640
0 10 -1 1322044678,4940
0 11 -1 1322044678,5540
0 12 -1 1322044678,5850
0 13 -1 1322044678,6190
0 14 -1 1322044678,6540
0 15 -1 1322044678,7090
0 16 -1 1322044678,7440
0 17 -1 1322044678,7740
1 18 13 0 1 1 1 1 1 1 1 1 1 1 1 1 1322044678,8350
0 6 -1 1322044678,8690
0 7 -1 1322044678,9040
0 8 -1 1322044678,9340
0 9 -1 1322044678,9940
0 10 -1 1322044679,0240
0 11 -1 1322044679,0600
0 12 -1 1322044679,0940
0 13 -1 1322044679,1540
0 14 -1 1322044679,1840
0 15 -1 1322044679,2340
0 16 -1 1322044679,2640
0 17 -1 1322044679,3000
0 18 -1 1322044679,3520
0 19 -1 1322044679,3940
0 20 -1 1322044679,4240
1 21 18 2 3 3 3 3 3 0 0 0 0 0 0 0 0 0 0 0 0 1322044679,4600
0 4 -1 1322044679,4890
0 5 -1 1322044679,5500
0 6 -1 1322044679,5840
0 7 -1 1322044679,6190
0 8 -1 1322044679,6490
0 9 -1 1322044679,7090
0 10 -1 1322044679,7390
0 11 -1 1322044679,8000
0 12 -1 1322044679,8340
0 13 -1 1322044679,8690
0 14 -1 1322044679,8990
0 15 -1 1322044679,9340
0 16 -1 1322044679,9890
0 17 -1 1322044680,0290
1 18 13 0 1 1 1 1 1 1 1 1 1 1 1 1 1322044680,0660
0 6 -1 1322044680,0950
0 7 -1 1322044680,1550
0 8 -1 1322044680,1860
0 9 -1 1322044680,2200
0 10 -1 1322044680,2510
0 11 -1 1322044680,3150
0 12 -1 1322044680,3480
0 13 -1 1322044680,3800
0 14 -1 1322044680,4150
0 15 -1 1322044680,4700
0 16 -1 1322044680,5160
0 17 -1 1322044680,5550
0 18 -1 1322044680,5840
0 19 -1 1322044680,6200
0 20 -1 1322044680,6500
1 21 17 2 3 3 3 3 3 0 0 0 0 0 0 0 0 0 0 0 1322044680,7230
0 5 -1 1322044680,7520
0 6 -1 1322044680,7900
0 7 -1 1322044680,8240
0 8 -1 1322044680,8790
0 9 -1 1322044680,9140
0 10 -1 1322044680,9440
0 11 -1 1322044680,9800
0 12 -1 1322044681,0240
0 13 -1 1322044681,0740
0 14 -1 1322044681,1090
0 15 -1 1322044681,1390
0 16 -1 1322044681,1990
0 17 -1 1322044681,2300
1 18 14 0 1 1 1 1 1 1 1 1 1 1 1 1 2 1322044681,2700
0 5 -1 1322044681,3240
0 6 -1 1322044681,3420
0 7 -1 1322044681,3890
0 8 -1 1322044681,4190
0 9 -1 1322044681,4550
0 10 -1 1322044681,5190
0 11 -1 1322044681,5490
0 12 -1 1322044681,5690
0 13 -1 1322044681,6290
0 14 -1 1322044681,6640
0 15 -1 1322044681,6950
0 16 -1 1322044681,7340
0 17 -1 1322044681,7940
0 18 -1 1322044681,8290
0 19 -1 1322044681,8590
1 20 17 2 3 3 3 3 0 0 0 0 0 0 0 0 0 0 0 0 1322044681,8950
0 4 -1 1322044681,9500
0 5 -1 1322044681,9890
0 6 -1 1322044682,0190
0 7 -1 1322044682,0540
0 8 -1 1322044682,1100
0 9 -1 1322044682,1400
0 10 -1 1322044682,2010
0 11 -1 1322044682,2400
0 12 -1 1322044682,2700
0 13 -1 1322044682,3050
0 14 -1 1322044682,3350
0 15 -1 1322044682,3950
0 16 -1 1322044682,4260
0 17 -1 1322044682,4910
1 18 13 0 1 1 1 1 1 1 1 1 1 1 1 1 1322044682,5100
0 6 -1 1322044682,5450
0 7 -1 1322044682,5800
0 8 -1 1322044682,6150
0 9 -1 1322044682,6710
0 10 -1 1322044682,7100
0 11 -1 1322044682,7400
0 12 -1 1322044682,7750
0 13 -1 1322044682,8300
0 14 -1 1322044682,8650
0 15 -1 1322044682,9190
0 16 -1 1322044682,9600
0 17 -1 1322044682,9900
0 18 -1 1322044683,0200
0 19 -1 1322044683,0750
0 20 -1 1322044683,1100
1 21 18 2 3 3 3 3 3 0 0 0 0 0 0 0 0 0 0 0 0 1322044683,1440
0 4 -1 1322044683,1790
0 5 -1 1322044683,2340
0 6 -1 1322044683,2690
0 7 -1 1322044683,2990
0 8 -1 1322044683,3340
0 9 -1 1322044683,3900
0 10 -1 1322044683,4410
0 11 -1 1322044683,4690
0 12 -1 1322044683,4940
0 13 -1 1322044683,5500
0 14 -1 1322044683,5850
0 15 -1 1322044683,6160
0 16 -1 1322044683,6800
0 17 -1 1322044683,7110
1 18 13 0 1 1 1 1 1 1 1 1 1 1 1 1 1322044683,7460
0 6 -1 1322044683,8050
0 7 -1 1322044683,8350
0 8 -1 1322044683,8710
0 9 -1 1322044683,9100
0 10 -1 1322044683,9400
0 11 -1 1322044683,9750
0 12 -1 1322044684,0350
0 13 -1 1322044684,0650
0 14 -1 1322044684,1010
0 15 -1 1322044684,1440
0 16 -1 1322044684,2000
0 17 -1 1322044684,2300
0 18 -1 1322044684,2650
0 19 -1 1322044684,2950
0 20 -1 1322044684,3560
1 21 17 2 3 3 3 3 3 0 0 0 0 0 0 0 0 0 0 0 1322044684,3960
0 5 -1 1322044684,4250
0 6 -1 1322044684,4600
0 7 -1 1322044684,4950
0 8 -1 1322044684,5500
0 9 -1 1322044684,5860
0 10 -1 1322044684,6250
0 11 -1 1322044684,6810
0 12 -1 1322044684,7150
0 13 -1 1322044684,7450
0 14 -1 1322044684,7970
0 15 -1 1322044684,8390
0 16 -1 1322044684,8640
0 17 -1 1322044684,9190
0 18 -1 1322044684,9540
1 19 14 0 1 1 1 1 1 1 1 1 1 1 1 1 1 1322044684,9850
0 6 -1 1322044685,0200
0 7 -1 1322044685,0550
0 8 -1 1322044685,0940
0 9 -1 1322044685,1490
0 10 -1 1322044685,1840
0 11 -1 1322044685,2140
0 12 -1 1322044685,2740
0 13 -1 1322044685,3090
0 14 -1 1322044685,3450
0 15 -1 1322044685,3760
0 16 -1 1322044685,4350
0 17 -1 1322044685,4650
0 18 -1 1322044685,5000
0 19 -1 1322044685,5610
1 20 17 2 3 3 3 3 3 0 0 0 0 0 0 0 0 0 0 0 1322044685,6010
0 4 -1 1322044685,6350
0 5 -1 1322044685,6660
0 6 -1 1322044685,7050
0 7 -1 1322044685,7440
0 8 -1 1322044685,8010
0 9 -1 1322044685,8160
0 10 -1 1322044685,8710
0 11 -1 1322044685,9000
0 12 -1 1322044685,9350
0 13 -1 1322044685,9910
0 14 -1 1322044686,0260
0 15 -1 1322044686,0650
0 16 -1 1322044686,0950
0 17 -1 1322044686,1550
0 18 -1 1322044686,1970
1 19 14 0 1 1 1 1 1 1 1 1 1 1 1 1 1 1322044686,2200
0 6 -1 1322044686,2510
0 7 -1 1322044686,3150
0 8 -1 1322044686,3450
0 9 -1 1322044686,3800
0 10 -1 1322044686,4350
0 11 -1 1322044686,4650
0 12 -1 1322044686,5010
0 13 -1 1322044686,5650
0 14 -1 1322044686,6000
0 15 -1 1322044686,6300
0 16 -1 1322044686,6650
0 17 -1 1322044686,6950
0 18 -1 1322044686,7560
0 19 -1 1322044686,7950
0 20 -1 1322044686,8250
1 21 18 2 3 3 3 3 3 0 0 0 0 0 0 0 0 0 0 0 0 1322044686,8610
0 4 -1 1322044686,9200
0 5 -1 1322044686,9500
0 6 -1 1322044686,9810
0 7 -1 1322044687,0210
0 8 -1 1322044687,0500
0 9 -1 1322044687,1100
0 10 -1 1322044687,1410
0 11 -1 1322044687,2010
0 12 -1 1322044687,2310
0 13 -1 1322044687,2700
0 14 -1 1322044687,3010
0 15 -1 1322044687,3350
0 16 -1 1322044687,3900
1 17 12 0 1 1 1 1 1 1 1 1 1 1 1 1322044687,4260
0 6 -1 1322044687,4560
0 7 -1 1322044687,5210
0 8 -1 1322044687,5500
0 9 -1 1322044687,6010
0 10 -1 1322044687,6440
0 11 -1 1322044687,6750
0 12 -1 1322044687,7060
0 13 -1 1322044687,7450
0 14 -1 1322044687,8000
0 15 -1 1322044687,8350
0 16 -1 1322044687,8650
1 17 14 2 3 3 3 3 3 0 0 0 0 0 0 0 0 1322044687,9010
0 4 -1 1322044687,9310
0 5 -1 1322044687,9950
1 6 3 0 0 0 1322044688,0260
0 4 -1 1322044688,0600
0 5 -1 1322044688,0900
0 6 -1 1322044688,1500
0 7 -1 1322044688,2010
0 8 -1 1322044688,2180
0 9 -1 1322044688,2700
0 10 -1 1322044688,3300
0 11 -1 1322044688,3600
0 12 -1 1322044688,3950
0 13 -1 1322044688,4260
0 14 -1 1322044688,4650
0 15 -1 1322044688,4950
0 16 -1 1322044688,5550
0 17 -1 1322044688,5850
1 18 14 0 1 1 1 1 1 1 1 1 1 1 1 1 1 1322044688,6160
0 5 -1 1322044688,6750
0 6 -1 1322044688,7150
0 7 -1 1322044688,7450
0 8 -1 1322044688,7800
0 9 -1 1322044688,8100
0 10 -1 1322044688,8650
0 11 -1 1322044688,9010
0 12 -1 1322044688,9400
0 13 -1 1322044688,9880
0 14 -1 1322044689,0290
0 15 -1 1322044689,0650
0 16 -1 1322044689,0950
0 17 -1 1322044689,1510
0 18 -1 1322044689,1900
0 19 -1 1322044689,2200
0 20 -1 1322044689,2800
1 21 18 2 3 3 3 3 3 0 0 0 0 0 0 0 0 0 0 0 0 1322044689,3110
0 4 -1 1322044689,3450
0 5 -1 1322044689,3760
0 6 -1 1322044689,4400
0 7 -1 1322044689,4800
0 8 -1 1322044689,5100
0 9 -1 1322044689,5460
0 10 -1 1322044689,6000
0 11 -1 1322044689,6360
0 12 -1 1322044689,6750
0 13 -1 1322044689,7060
0 14 -1 1322044689,7350
0 15 -1 1322044689,7800
0 16 -1 1322044689,8110
0 17 -1 1322044689,8710
0 18 -1 1322044689,9100
1 19 14 0 1 1 1 1 1 1 1 1 1 1 1 1 1 1322044689,9410
0 6 -1 1322044690,0000
1 7 4 2 3 3 3 1322044690,0310
0 4 -1 1322044690,0650
0 5 -1 1322044690,0960
0 6 -1 1322044690,1350
0 7 -1 1322044690,1900
0 8 -1 1322044690,2250
0 9 -1 1322044690,2550
0 10 -1 1322044690,3150
0 11 -1 1322044690,3620
0 12 -1 1322044690,3930
0 13 -1 1322044690,4140
0 14 -1 1322044690,4740
0 15 -1 1322044690,5040
0 16 -1 1322044690,5390
1 17 14 3 3 0 0 0 0 0 0 0 0 0 0 0 0 1322044690,5700
0 4 -1 1322044690,6340
0 5 -1 1322044690,6640
0 6 -1 1322044690,6990
0 7 -1 1322044690,7590
0 8 -1 1322044690,7890
0 9 -1 1322044690,8250
0 10 -1 1322044690,8640
0 11 -1 1322044690,8940
0 12 -1 1322044690,9540
0 13 -1 1322044690,9840
0 14 -1 1322044691,0140
0 15 -1 1322044691,0750
0 16 -1 1322044691,1140
0 17 -1 1322044691,1440
0 18 -1 1322044691,1790
1 19 14 0 1 1 1 1 1 1 1 1 1 1 1 1 1 1322044691,2350
0 6 -1 1322044691,2690
0 7 -1 1322044691,3000
0 8 -1 1322044691,3640
0 9 -1 1322044691,3940
0 10 -1 1322044691,4290
0 11 -1 1322044691,4590
0 12 -1 1322044691,4940
0 13 -1 1322044691,5490
0 14 -1 1322044691,5890
0 15 -1 1322044691,6190
0 16 -1 1322044691,6540
1 17 14 2 3 3 3 3 3 0 0 0 0 0 0 0 0 1322044691,7210
0 4 -1 1322044691,7700
0 5 -1 1322044691,7900
1 6 3 0 0 0 1322044691,8340
0 4 -1 1322044691,8640
0 5 -1 1322044691,8990
0 6 -1 1322044691,9290
0 7 -1 1322044691,9890
0 8 -1 1322044692,0400
0 9 -1 1322044692,0790
0 10 -1 1322044692,1090
0 11 -1 1322044692,1440
0 12 -1 1322044692,1740
0 13 -1 1322044692,2340
0 14 -1 1322044692,2650
0 15 -1 1322044692,3040
0 16 -1 1322044692,3340
0 17 -1 1322044692,3950
1 18 13 0 1 1 1 1 1 1 1 1 1 1 1 1 1322044692,4250
0 6 -1 1322044692,4590
0 7 -1 1322044692,4900
0 8 -1 1322044692,5500
0 9 -1 1322044692,5850
0 10 -1 1322044692,6150
0 11 -1 1322044692,6750
0 12 -1 1322044692,7100
0 13 -1 1322044692,7460
0 14 -1 1322044692,7860
0 15 -1 1322044692,8150
0 16 -1 1322044692,8750
0 17 -1 1322044692,9050
0 18 -1 1322044692,9400
0 19 -1 1322044692,9710
0 20 -1 1322044693,0350
1 21 18 2 3 3 3 3 3 0 0 0 0 0 0 0 0 0 0 0 0 1322044693,0760
0 4 -1 1322044693,1190
0 5 -1 1322044693,1360
0 6 -1 1322044693,1910
0 7 -1 1322044693,2210
0 8 -1 1322044693,2590
0 9 -1 1322044693,2900
0 10 -1 1322044693,3500
0 11 -1 1322044693,3800
0 12 -1 1322044693,4150
0 13 -1 1322044693,4710
0 14 -1 1322044693,5100
0 15 -1 1322044693,5400
0 16 -1 1322044693,5760
0 17 -1 1322044693,6300
1 18 13 0 1 1 1 1 1 1 1 1 1 1 1 1 1322044693,6660
0 6 -1 1322044693,6960
1 7 4 2 3 3 3 1322044693,7600
0 4 -1 1322044693,7900
0 5 -1 1322044693,8200
0 6 -1 1322044693,8850
0 7 -1 1322044693,9000
0 8 -1 1322044693,9450
0 9 -1 1322044693,9850
0 10 -1 1322044694,0150
0 11 -1 1322044694,0750
0 12 -1 1322044694,1050
0 13 -1 1322044694,1400
0 14 -1 1322044694,1710
0 15 -1 1322044694,2350
1 16 12 3 3 0 0 0 0 0 0 0 0 0 0 1322044694,2660
0 5 -1 1322044694,3010
0 6 -1 1322044694,3550
0 7 -1 1322044694,3900
0 8 -1 1322044694,4210
0 9 -1 1322044694,4620
0 10 -1 1322044694,5150
0 11 -1 1322044694,5500
0 12 -1 1322044694,6000
0 13 -1 1322044694,6350
0 14 -1 1322044694,6660
0 15 -1 1322044694,7050
0 16 -1 1322044694,7600
0 17 -1 1322044694,7950
0 18 -1 1322044694,8270
0 19 -1 1322044694,8600
1 20 15 0 1 1 1 1 1 1 1 1 1 1 1 1 1 1 1322044694,9160
0 6 -1 1322044694,9550
0 7 -1 1322044694,9850
0 8 -1 1322044695,0200
0 9 -1 1322044695,0500
0 10 -1 1322044695,1100
0 11 -1 1322044695,1410
0 12 -1 1322044695,1800
0 13 -1 1322044695,2350
0 14 -1 1322044695,2700
0 15 -1 1322044695,3000
0 16 -1 1322044695,3350
0 17 -1 1322044695,3940
0 18 -1 1322044695,4350
0 19 -1 1322044695,4660
0 20 -1 1322044695,5260
1 21 18 2 3 3 3 3 3 0 0 0 0 0 0 0 0 0 0 0 0 1322044695,5560
0 4 -1 1322044695,5900
0 5 -1 1322044695,6210
0 6 -1 1322044695,6600
0 7 -1 1322044695,6900
0 8 -1 1322044695,7500
0 9 -1 1322044695,7800
0 10 -1 1322044695,8270
0 11 -1 1322044695,8850
0 12 -1 1322044695,9250
0 13 -1 1322044695,9590
0 14 -1 1322044695,9850
0 15 -1 1322044696,0200
0 16 -1 1322044696,0550
1 17 12 0 1 1 1 1 1 1 1 1 1 1 1 1322044696,1110
0 6 -1 1322044696,1500
0 7 -1 1322044696,1790
0 8 -1 1322044696,2140
0 9 -1 1322044696,2690
0 10 -1 1322044696,3040
0 11 -1 1322044696,3600
0 12 -1 1322044696,3990
0 13 -1 1322044696,4290
0 14 -1 1322044696,4640
0 15 -1 1322044696,5190
0 16 -1 1322044696,5540
0 17 -1 1322044696,5850
0 18 -1 1322044696,6490
0 19 -1 1322044696,6660
1 20 17 2 3 3 3 3 3 0 0 0 0 0 0 0 0 0 0 0 1322044696,7100
0 4 -1 1322044696,7390
0 5 -1 1322044696,7740
0 6 -1 1322044696,8300
0 7 -1 1322044696,8690
0 8 -1 1322044696,8990
0 9 -1 1322044696,9590
0 10 -1 1322044696,9890
0 11 -1 1322044697,0240
0 12 -1 1322044697,0550
0 13 -1 1322044697,1190
0 14 -1 1322044697,1640
0 15 -1 1322044697,1940
0 16 -1 1322044697,2390
0 17 -1 1322044697,2590
1 18 13 0 1 1 1 1 1 1 1 1 1 1 1 1 1322044697,2970
0 6 -1 1322044697,3680
0 7 -1 1322044697,3900
0 8 -1 1322044697,4250
0 9 -1 1322044697,4550
0 10 -1 1322044697,5150
0 11 -1 1322044697,5460
0 12 -1 1322044697,5850
0 13 -1 1322044697,6400
0 14 -1 1322044697,6750
0 15 -1 1322044697,7050
0 16 -1 1322044697,7400
0 17 -1 1322044697,7710
0 18 -1 1322044697,8350
0 19 -1 1322044697,8650
0 20 -1 1322044697,9000
1 21 18 2 3 3 3 3 3 0 0 0 0 0 0 0 0 0 0 0 0 1322044697,9610
0 4 -1 1322044697,9900
0 5 -1 1322044698,0200
0 6 -1 1322044698,0600
0 7 -1 1322044698,0910
0 8 -1 1322044698,1510
0 9 -1 1322044698,1800
0 10 -1 1322044698,2400
0 11 -1 1322044698,2730
0 12 -1 1322044698,3100
0 13 -1 1322044698,3440
0 14 -1 1322044698,3750
0 15 -1 1322044698,4450
0 16 -1 1322044698,4750
0 17 -1 1322044698,5110
1 18 13 0 1 1 1 1 1 1 1 1 1 1 1 1 1322044698,5670
0 6 -1 1322044698,6110
0 7 -1 1322044698,6300
0 8 -1 1322044698,6700
0 9 -1 1322044698,7050
0 10 -1 1322044698,7360
0 11 -1 1322044698,8000
0 12 -1 1322044698,8300
0 13 -1 1322044698,8650
0 14 -1 1322044698,9210
0 15 -1 1322044698,9550
0 16 -1 1322044698,9910
1 17 14 2 3 3 3 3 3 0 0 0 0 0 0 0 0 1322044699,0320
0 4 -1 1322044699,0610
0 5 -1 1322044699,0950
1 6 3 0 0 0 1322044699,1500
0 4 -1 1322044699,1850
0 5 -1 1322044699,2160
0 6 -1 1322044699,2550
0 7 -1 1322044699,3100
0 8 -1 1322044699,3450
0 9 -1 1322044699,3750
0 10 -1 1322044699,4350
0 11 -1 1322044699,4660
0 12 -1 1322044699,5050
0 13 -1 1322044699,5360
0 14 -1 1322044699,5960
0 15 -1 1322044699,6250
0 16 -1 1322044699,6600
0 17 -1 1322044699,7260
0 18 -1 1322044699,7450
1 19 14 0 1 1 1 1 1 1 1 1 1 1 1 1 1 1322044699,7910
0 6 -1 1322044699,8210
0 7 -1 1322044699,8550
0 8 -1 1322044699,9100
0 9 -1 1322044699,9550
0 10 -1 1322044699,9840
0 11 -1 1322044700,0190
0 12 -1 1322044700,0490
0 13 -1 1322044700,1090
0 14 -1 1322044700,1390
0 15 -1 1322044700,2000
0 16 -1 1322044700,2400
0 17 -1 1322044700,2700
0 18 -1 1322044700,3050
0 19 -1 1322044700,3350
1 20 17 2 3 3 3 3 3 0 0 0 0 0 0 0 0 0 0 0 1322044700,3960
0 4 -1 1322044700,4260
0 5 -1 1322044700,4650
0 6 -1 1322044700,4950
0 7 -1 1322044700,5550
0 8 -1 1322044700,5850
0 9 -1 1322044700,6200
0 10 -1 1322044700,6510
0 11 -1 1322044700,7150
0 12 -1 1322044700,7450
0 13 -1 1322044700,7800
0 14 -1 1322044700,8110
0 15 -1 1322044700,8710
0 16 -1 1322044700,9010
0 17 -1 1322044700,9400
0 18 -1 1322044701,0050
1 19 14 0 1 1 1 1 1 1 1 1 1 1 1 1 1 1322044701,0410
0 6 -1 1322044701,0710
0 7 -1 1322044701,1050
0 8 -1 1322044701,1360
0 9 -1 1322044701,1750
0 10 -1 1322044701,2300
0 11 -1 1322044701,2820
0 12 -1 1322044701,3200
0 13 -1 1322044701,3550
0 14 -1 1322044701,3860
0 15 -1 1322044701,4500
0 16 -1 1322044701,4650
0 17 -1 1322044701,5100
0 18 -1 1322044701,5400
0 19 -1 1322044701,5750
1 20 17 2 3 3 3 3 3 0 0 0 0 0 0 0 0 0 0 0 1322044701,6310
0 4 -1 1322044701,6700
0 5 -1 1322044701,7000
0 6 -1 1322044701,7360
0 7 -1 1322044701,7900
0 8 -1 1322044701,8250
0 9 -1 1322044701,8560
0 10 -1 1322044701,8960
0 11 -1 1322044701,9500
0 12 -1 1322044701,9850
0 13 -1 1322044702,0100
0 14 -1 1322044702,0800
0 15 -1 1322044702,1110
0 16 -1 1322044702,1500
0 17 -1 1322044702,1800
0 18 -1 1322044702,2150
1 19 13 0 1 1 1 1 1 1 1 1 1 1 1 1 1322044702,2860
0 7 -1 1322044702,3000
0 8 -1 1322044702,3460
0 9 -1 1322044702,3850
0 10 -1 1322044702,4150
0 11 -1 1322044702,4750
0 12 -1 1322044702,5050
0 13 -1 1322044702,5400
0 14 -1 1322044702,5710
0 15 -1 1322044702,6350
0 16 -1 1322044702,6720
0 17 -1 1322044702,6990
0 18 -1 1322044702,7540
0 19 -1 1322044702,7890
0 20 -1 1322044702,8200
1 21 18 2 3 3 3 3 3 3 0 0 0 0 0 0 0 0 0 0 0 1322044702,8850
0 4 -1 1322044702,9140
0 5 -1 1322044702,9490
0 6 -1 1322044702,9790
0 7 -1 1322044703,0140
0 8 -1 1322044703,0700
0 9 -1 1322044703,1090
0 10 -1 1322044703,1640
0 11 -1 1322044703,1990
0 12 -1 1322044703,2290
0 13 -1 1322044703,2640
0 14 -1 1322044703,2950
0 15 -1 1322044703,3590
0 16 -1 1322044703,3890
0 17 -1 1322044703,4240
1 18 13 0 1 1 1 1 1 1 1 1 1 1 1 1 1322044703,4790
0 6 -1 1322044703,5140
0 7 -1 1322044703,5690
0 8 -1 1322044703,5850
0 9 -1 1322044703,6340
0 10 -1 1322044703,6640
0 11 -1 1322044703,6990
0 12 -1 1322044703,7290
0 13 -1 1322044703,7900
0 14 -1 1322044703,8290
0 15 -1 1322044703,8590
0 16 -1 1322044703,9190
1 17 14 2 3 3 3 3 3 0 0 0 0 0 0 0 0 1322044703,9500
0 4 -1 1322044704,0030
0 5 -1 1322044704,0220
1 6 3 0 0 0 1322044704,0810
0 4 -1 1322044704,1090
0 5 -1 1322044704,1440
0 6 -1 1322044704,1740
0 7 -1 1322044704,2340
0 8 -1 1322044704,2650
0 9 -1 1322044704,3040
0 10 -1 1322044704,3340
0 11 -1 1322044704,3940
0 12 -1 1322044704,4240
0 13 -1 1322044704,4590
0 14 -1 1322044704,4900
0 15 -1 1322044704,5540
0 16 -1 1322044704,5840
0 17 -1 1322044704,6190
0 18 -1 1322044704,6490
1 19 14 0 1 1 1 1 1 1 1 1 1 1 1 1 1 1322044704,7090
0 6 -1 1322044704,7400
0 7 -1 1322044704,7790
0 8 -1 1322044704,8100
0 9 -1 1322044704,8740
0 10 -1 1322044704,9040
0 11 -1 1322044704,9390
0 12 -1 1322044704,9950
0 13 -1 1322044705,0340
0 14 -1 1322044705,0640
0 15 -1 1322044705,1240
0 16 -1 1322044705,1540
0 17 -1 1322044705,1890
0 18 -1 1322044705,2200
1 19 16 2 3 3 3 3 3 0 0 0 0 0 0 0 0 0 0 1322044705,2600
0 4 -1 1322044705,2890
0 5 -1 1322044705,3490
0 6 -1 1322044705,4060
0 7 -1 1322044705,4440
0 8 -1 1322044705,4700
0 9 -1 1322044705,5090
0 10 -1 1322044705,5390
0 11 -1 1322044705,5740
0 12 -1 1322044705,6290
0 13 -1 1322044705,6640
0 14 -1 1322044705,7200
0 15 -1 1322044705,7590
0 16 -1 1322044705,7890
0 17 -1 1322044705,8240
0 18 -1 1322044705,8540
1 19 15 0 1 1 1 1 1 1 1 1 1 1 1 1 1 1 1322044705,9140
0 5 -1 1322044705,9450
0 6 -1 1322044705,9840
0 7 -1 1322044706,0390
0 8 -1 1322044706,0740
0 9 -1 1322044706,1290
0 10 -1 1322044706,1470
0 11 -1 1322044706,1700
0 12 -1 1322044706,2340
0 13 -1 1322044706,2640
0 14 -1 1322044706,2990
0 15 -1 1322044706,3540
0 16 -1 1322044706,3890
0 17 -1 1322044706,4200
0 18 -1 1322044706,4840
0 19 -1 1322044706,5140
1 20 17 2 3 3 3 3 3 0 0 0 0 0 0 0 0 0 0 0 1322044706,5490
0 4 -1 1322044706,5790
0 5 -1 1322044706,6140
0 6 -1 1322044706,6700
0 7 -1 1322044706,7090
0 8 -1 1322044706,7460
0 9 -1 1322044706,7840
0 10 -1 1322044706,8300
0 11 -1 1322044706,8600
0 12 -1 1322044706,8950
0 13 -1 1322044706,9600
0 14 -1 1322044706,9900
0 15 -1 1322044707,0250
0 16 -1 1322044707,0550
0 17 -1 1322044707,1150
1 18 13 0 1 1 1 1 1 1 1 1 1 1 1 1 1322044707,1460
0 6 -1 1322044707,1850
1 7 4 2 3 3 3 1322044707,2140
0 4 -1 1322044707,2750
0 5 -1 1322044707,3050
0 6 -1 1322044707,3400
0 7 -1 1322044707,3760
0 8 -1 1322044707,4100
0 9 -1 1322044707,4650
0 10 -1 1322044707,5000
0 11 -1 1322044707,5350
0 12 -1 1322044707,5900
0 13 -1 1322044707,6260
0 14 -1 1322044707,6660
0 15 -1 1322044707,6950
0 16 -1 1322044707,7550
1 17 14 3 3 0 0 0 0 0 0 0 0 0 0 0 0 1322044707,7860
0 4 -1 1322044707,8210
0 5 -1 1322044707,8510
0 6 -1 1322044707,9150
0 7 -1 1322044707,9500
0 8 -1 1322044707,9800
0 9 -1 1322044708,0350
0 10 -1 1322044708,0710
0 11 -1 1322044708,1050
0 12 -1 1322044708,1500
0 13 -1 1322044708,1990
0 14 -1 1322044708,2340
0 15 -1 1322044708,2640
0 16 -1 1322044708,2990
0 17 -1 1322044708,3300
1 18 13 0 1 1 1 1 1 1 1 1 1 1 1 1 1322044708,3940
0 6 -1 1322044708,4240
0 7 -1 1322044708,4590
0 8 -1 1322044708,4940
0 9 -1 1322044708,5490
0 10 -1 1322044708,5850
0 11 -1 1322044708,6240
0 12 -1 1322044708,6890
0 13 -1 1322044708,7030
0 14 -1 1322044708,7490
0 15 -1 1322044708,8040
0 16 -1 1322044708,8190
1 17 14 2 3 3 3 3 3 0 0 0 0 0 0 0 0 1322044708,8590
0 4 -1 1322044708,9100
0 5 -1 1322044708,9440
1 6 3 0 0 0 1322044708,9740
0 4 -1 1322044709,0340
0 5 -1 1322044709,0650
0 6 -1 1322044709,1040
0 7 -1 1322044709,1340
0 8 -1 1322044709,1940
0 9 -1 1322044709,2240
0 10 -1 1322044709,2590
0 11 -1 1322044709,3150
0 12 -1 1322044709,3540
0 13 -1 1322044709,3840
0 14 -1 1322044709,4190
0 15 -1 1322044709,4490
0 16 -1 1322044709,5280
0 17 -1 1322044709,5430
1 18 13 0 1 1 1 1 1 1 1 1 1 1 1 1 1322044709,5800
0 6 -1 1322044709,6090
0 7 -1 1322044709,6690
0 8 -1 1322044709,6990
0 9 -1 1322044709,7340
0 10 -1 1322044709,7950
0 11 -1 1322044709,8340
0 12 -1 1322044709,8640
0 13 -1 1322044709,8990
0 14 -1 1322044709,9690
0 15 -1 1322044709,9840
0 16 -1 1322044710,0300
0 17 -1 1322044710,0690
0 18 -1 1322044710,0990
0 19 -1 1322044710,1590
1 20 17 2 3 3 3 3 3 0 0 0 0 0 0 0 0 0 0 0 1322044710,1840
0 4 -1 1322044710,2290
0 5 -1 1322044710,2600
0 6 -1 1322044710,2990
0 7 -1 1322044710,3290
0 8 -1 1322044710,3890
0 9 -1 1322044710,4190
0 10 -1 1322044710,4790
0 11 -1 1322044710,5100
0 12 -1 1322044710,5490
0 13 -1 1322044710,5790
0 14 -1 1322044710,6140
0 15 -1 1322044710,6690
0 16 -1 1322044710,7040
0 17 -1 1322044710,7350
0 18 -1 1322044710,7990
1 19 14 0 1 1 1 1 1 1 1 1 1 1 1 1 1 1322044710,8290
0 6 -1 1322044710,8640
1 7 4 2 3 3 3 1322044710,9440
0 4 -1 1322044710,9640
0 5 -1 1322044710,9850
0 6 -1 1322044711,0240
0 7 -1 1322044711,0790
0 8 -1 1322044711,1140
0 9 -1 1322044711,1440
0 10 -1 1322044711,2040
0 11 -1 1322044711,2500
0 12 -1 1322044711,2660
0 13 -1 1322044711,3140
0 14 -1 1322044711,3440
0 15 -1 1322044711,3790
1 16 13 3 3 0 0 0 0 0 0 0 0 0 0 0 1322044711,4090
0 4 -1 1322044711,4700
0 5 -1 1322044711,5090
0 6 -1 1322044711,5390
0 7 -1 1322044711,5740
0 8 -1 1322044711,6290
0 9 -1 1322044711,6640
0 10 -1 1322044711,6990
0 11 -1 1322044711,7590
0 12 -1 1322044711,7890
0 13 -1 1322044711,8240
0 14 -1 1322044711,8540
0 15 -1 1322044711,9140
0 16 -1 1322044711,9450
0 17 -1 1322044711,9840
0 18 -1 1322044712,0390
0 19 -1 1322044712,0740
1 20 13 0 1 1 1 1 1 1 1 1 1 1 1 1 1322044712,1040
0 8 -1 1322044712,1390
0 9 -1 1322044712,1700
0 10 -1 1322044712,2340
0 11 -1 1322044712,2640
0 12 -1 1322044712,2910
0 13 -1 1322044712,3490
0 14 -1 1322044712,3790
0 15 -1 1322044712,4150
0 16 -1 1322044712,4540
0 17 -1 1322044712,5290
0 18 -1 1322044712,5460
0 19 -1 1322044712,5890
0 20 -1 1322044712,6240
0 21 -1 1322044712,6800
1 22 18 2 3 3 3 3 3 0 0 0 0 0 0 0 0 0 0 0 0 1322044712,7200
0 5 -1 1322044712,7490
0 6 -1 1322044712,7840
0 7 -1 1322044712,8140
0 8 -1 1322044712,8740
0 9 -1 1322044712,9050
0 10 -1 1322044712,9440
0 11 -1 1322044712,9990
0 12 -1 1322044713,0340
0 13 -1 1322044713,0640
0 14 -1 1322044713,0990
0 15 -1 1322044713,1300
0 16 -1 1322044713,1940
0 17 -1 1322044713,2240
1 18 12 0 1 1 1 1 1 1 1 1 1 1 1 1322044713,2590
1 7 4 2 3 3 3 1322044713,3140
0 4 -1 1322044713,3490
0 5 -1 1322044713,3800
0 6 -1 1322044713,4190
0 7 -1 1322044713,4490
0 8 -1 1322044713,5090
0 9 -1 1322044713,5390
0 10 -1 1322044713,5740
0 11 -1 1322044713,6300
0 12 -1 1322044713,6880
0 13 -1 1322044713,7260
0 14 -1 1322044713,7590
0 15 -1 1322044713,8090
1 16 13 3 3 0 0 0 0 0 0 0 0 0 0 0 1322044713,8310
0 4 -1 1322044713,8700
0 5 -1 1322044713,9090
0 6 -1 1322044713,9390
0 7 -1 1322044713,9740
0 8 -1 1322044714,0340
0 9 -1 1322044714,0640
0 10 -1 1322044714,1000
0 11 -1 1322044714,1390
0 12 -1 1322044714,1940
0 13 -1 1322044714,2290
0 14 -1 1322044714,2590
0 15 -1 1322044714,2890
0 16 -1 1322044714,3450
0 17 -1 1322044714,3840
0 18 -1 1322044714,4140
1 19 13 0 1 1 1 1 1 1 1 1 1 1 1 1 1322044714,4750
0 7 -1 1322044714,5040
0 8 -1 1322044714,5390
0 9 -1 1322044714,5950
0 10 -1 1322044714,6340
0 11 -1 1322044714,6640
0 12 -1 1322044714,6990
0 13 -1 1322044714,7290
0 14 -1 1322044714,7890
0 15 -1 1322044714,8200
0 16 -1 1322044714,8590
0 17 -1 1322044714,8890
0 18 -1 1322044714,9490
0 19 -1 1322044714,9790
0 20 -1 1322044715,0370
1 21 18 2 3 3 3 3 3 3 0 0 0 0 0 0 0 0 0 0 0 1322044715,0960
0 4 -1 1322044715,1250
0 5 -1 1322044715,1470
0 6 -1 1322044715,1890
0 7 -1 1322044715,2240
0 8 -1 1322044715,2540
0 9 -1 1322044715,3150
0 10 -1 1322044715,3540
0 11 -1 1322044715,3840
0 12 -1 1322044715,4190
0 13 -1 1322044715,4490
0 14 -1 1322044715,5090
0 15 -1 1322044715,5400
0 16 -1 1322044715,6040
0 17 -1 1322044715,6340
0 18 -1 1322044715,6690
1 19 14 0 1 1 1 1 1 1 1 1 1 1 1 1 1 1322044715,7040
0 6 -1 1322044715,7340
0 7 -1 1322044715,7950
0 8 -1 1322044715,8340
0 9 -1 1322044715,8640
0 10 -1 1322044715,9040
0 11 -1 1322044715,9540
0 12 -1 1322044715,9890
0 13 -1 1322044716,0250
0 14 -1 1322044716,0640
0 15 -1 1322044716,0940
0 16 -1 1322044716,1540
0 17 -1 1322044716,1840
0 18 -1 1322044716,2190
0 19 -1 1322044716,2510
1 20 17 2 3 3 3 3 3 0 0 0 0 0 0 0 0 0 0 0 1322044716,3160
0 4 -1 1322044716,3470
0 5 -1 1322044716,3840
0 6 -1 1322044716,4300
0 7 -1 1322044716,4650
0 8 -1 1322044716,4960
0 9 -1 1322044716,5350
0 10 -1 1322044716,5900
0 11 -1 1322044716,6250
0 12 -1 1322044716,6550
0 13 -1 1322044716,7150
0 14 -1 1322044716,7460
0 15 -1 1322044716,7840
0 16 -1 1322044716,8150
0 17 -1 1322044716,8750
1 18 14 0 1 1 1 1 1 1 1 1 1 1 1 1 1 1322044716,9060
0 5 -1 1322044716,9390
0 6 -1 1322044716,9760
0 7 -1 1322044717,0400
0 8 -1 1322044717,0700
0 9 -1 1322044717,1050
0 10 -1 1322044717,1650
0 11 -1 1322044717,1950
0 12 -1 1322044717,2310
0 13 -1 1322044717,2700
0 14 -1 1322044717,3000
0 15 -1 1322044717,3350
0 16 -1 1322044717,3900
0 17 -1 1322044717,4240
0 18 -1 1322044717,4560
1 19 16 2 3 3 3 3 3 0 0 0 0 0 0 0 0 0 0 1322044717,5210
0 4 -1 1322044717,5500
0 5 -1 1322044717,5850
0 6 -1 1322044717,6150
0 7 -1 1322044717,6550
0 8 -1 1322044717,7110
0 9 -1 1322044717,7670
0 10 -1 1322044717,7860
0 11 -1 1322044717,8220
0 12 -1 1322044717,8700
0 13 -1 1322044717,9050
0 14 -1 1322044717,9360
0 15 -1 1322044718,0000
0 16 -1 1322044718,0300
0 17 -1 1322044718,0650
1 18 14 0 1 1 1 1 1 1 1 1 1 1 1 1 1 1322044718,0960
0 5 -1 1322044718,1550
0 6 -1 1322044718,1860
0 7 -1 1322044718,2250
0 8 -1 1322044718,2800
0 9 -1 1322044718,3150
0 10 -1 1322044718,3450
0 11 -1 1322044718,3900
0 12 -1 1322044718,4210
0 13 -1 1322044718,4610
0 14 -1 1322044718,5150
0 15 -1 1322044718,5500
0 16 -1 1322044718,5810
0 17 -1 1322044718,6150
0 18 -1 1322044718,6710
0 19 -1 1322044718,7100
1 20 16 2 3 3 3 3 3 0 0 0 0 0 0 0 0 0 0 1322044718,7410
0 5 -1 1322044718,8000
0 6 -1 1322044718,8300
0 7 -1 1322044718,8650
0 8 -1 1322044718,8960
0 9 -1 1322044718,9350
0 10 -1 1322044718,9900
0 11 -1 1322044719,0250
0 12 -1 1322044719,0550
0 13 -1 1322044719,1150
0 14 -1 1322044719,1460
0 15 -1 1322044719,1990
0 16 -1 1322044719,2190
0 17 -1 1322044719,2740
0 18 -1 1322044719,3040
1 19 13 0 1 1 1 1 1 1 1 1 1 1 1 1 1322044719,3390
0 7 -1 1322044719,3700
0 8 -1 1322044719,4290
0 9 -1 1322044719,4640
0 10 -1 1322044719,5000
0 11 -1 1322044719,5540
0 12 -1 1322044719,5840
0 13 -1 1322044719,6200
0 14 -1 1322044719,6540
0 15 -1 1322044719,7140
0 16 -1 1322044719,7450
0 17 -1 1322044719,7790
0 18 -1 1322044719,8390
0 19 -1 1322044719,8700
0 20 -1 1322044719,9040
0 21 -1 1322044719,9390
1 22 19 1 2 3 3 3 3 3 0 0 0 0 0 0 0 0 0 0 0 0 1322044719,9950
0 4 -1 1322044720,0290
0 5 -1 1322044720,0590
0 6 -1 1322044720,0950
0 7 -1 1322044720,1290
0 8 -1 1322044720,2140
0 9 -1 1322044720,2300
0 10 -1 1322044720,2740
0 11 -1 1322044720,3040
0 12 -1 1322044720,3540
0 13 -1 1322044720,3790
0 14 -1 1322044720,4090
0 15 -1 1322044720,4690
0 16 -1 1322044720,5010
0 17 -1 1322044720,5390
1 18 13 0 1 1 1 1 1 1 1 1 1 1 1 1 1322044720,5910
0 6 -1 1322044720,6300
0 7 -1 1322044720,6600
0 8 -1 1322044720,6950
0 9 -1 1322044720,7500
0 10 -1 1322044720,7850
0 11 -1 1322044720,8160
0 12 -1 1322044720,8810
0 13 -1 1322044720,9100
0 14 -1 1322044720,9450
0 15 -1 1322044721,0010
0 16 -1 1322044721,0350
0 17 -1 1322044721,0690
0 18 -1 1322044721,1050
1 19 16 2 3 3 3 3 3 0 0 0 0 0 0 0 0 0 0 1322044721,1410
0 4 -1 1322044721,1750
0 5 -1 1322044721,2340
0 6 -1 1322044721,2610
0 7 -1 1322044721,2960
0 8 -1 1322044721,3350
0 9 -1 1322044721,3900
0 10 -1 1322044721,4250
0 11 -1 1322044721,4550
0 12 -1 1322044721,5200
0 13 -1 1322044721,5560
0 14 -1 1322044721,5950
0 15 -1 1322044721,6260
0 16 -1 1322044721,6600
0 17 -1 1322044721,6950
0 18 -1 1322044721,7500
1 19 15 0 1 1 1 1 1 1 1 1 1 1 1 1 1 1 1322044721,7860
0 5 -1 1322044721,8260
0 6 -1 1322044721,8730
0 7 -1 1322044721,9140
0 8 -1 1322044721,9440
0 9 -1 1322044721,9790
0 10 -1 1322044722,0100
0 11 -1 1322044722,0740
0 12 -1 1322044722,1040
0 13 -1 1322044722,1390
0 14 -1 1322044722,1690
0 15 -1 1322044722,2290
0 16 -1 1322044722,2600
0 17 -1 1322044722,2940
0 18 -1 1322044722,3540
0 19 -1 1322044722,3840
0 20 -1 1322044722,4190
1 21 17 2 3 3 3 3 3 0 0 0 0 0 0 0 0 0 0 0 1322044722,4740
0 5 -1 1322044722,5050
0 6 -1 1322044722,5390
0 7 -1 1322044722,5740
0 8 -1 1322044722,6290
0 9 -1 1322044722,6640
