7 10.643781367689371 43.66872486658394 0.0 0.0 0.4378499984741211 123.0 1.330596752E12 2324.454938628
8 10.643780278041959 43.66871510166675 0.0 0.0 0.0 153.0 1.330596755E12 2327.458050794
9 10.643778685480356 43.66870215162635 0.0 0.0 0.5004000067710876 163.0 1.330596758E12 2330.447097045
10 10.643780780956149 43.66869255434722 0.0 0.0 0.6880499720573425 166.0 1.33059676E12 2332.409677961
11 10.643783463165164 43.66867826320231 0.0 0.0 0.7506000399589539 169.0 1.330596762E12 2334.423173544
12 10.643785307183862 43.66866321768612 0.0 0.0 0.8131499886512756 171.0 1.330596764E12 2336.392169128
13 10.643785893917084 43.668647962622344 0.0 0.0 0.8756999969482422 172.0 1.330596766E12 2338.451024253
14 10.64379008486867 43.66863048635423 0.0 0.0 0.9382500052452087 168.0 1.330596768E12 2340.433933919
15 10.643793269991875 43.668621140532196 0.0 0.0 0.9382500052452087 166.0 1.330596769E12 2341.403096086
16 10.64379796385765 43.668610914610326 0.0 0.0 0.9382500052452087 166.0 1.33059677E12 2342.417607045
17 10.643801484256983 43.66860207170248 0.0 0.0 1.0008000135421753 164.0 1.330596771E12 2343.433123169
18 10.643808608874679 43.66858656518161 0.0 0.0 0.8756999969482422 162.0 1.330596773E12 2345.394185544
19 10.643814811483026 43.66856946609914 0.0 0.0 1.0008000135421753 161.0 1.330596775E12 2347.546705586
20 10.643819505348802 43.66856012027711 0.0 0.0 1.0008000135421753 157.0 1.330596776E12 2348.390970961
21 10.64382428303361 43.66855106782168 0.0 0.0 1.0008000135421753 156.0 1.330596777E12 2349.433919753
22 10.643828390166163 43.668540213257074 0.0 0.0 1.063349962234497 156.0 1.330596778E12 2350.455747753
23 10.643833754584193 43.66853107698262 0.0 0.0 1.0008000135421753 154.0 1.330596779E12 2351.477937003
24 10.64384632743895 43.66851485799998 0.0 0.0 1.063349962234497 151.0 1.330596781E12 2353.434465086
25 10.643853368237615 43.66850626654923 0.0 0.0 1.0008000135421753 149.0 1.330596782E12 2354.420860253
26 10.643861079588532 43.66849863901734 0.0 0.0 1.0008000135421753 148.0 1.330596783E12 2355.45205992
27 10.643867449834943 43.66849088575691 0.0 0.0 0.9382500052452087 148.0 1.330596784E12 2356.448485503
28 10.64388195052743 43.66847521159798 0.0 0.0 1.063349962234497 147.0 1.330596786E12 2358.401668461
29 10.643890332430601 43.668467751704156 0.0 0.0 1.063349962234497 145.0 1.330596787E12 2359.490091878
30 10.643899133428931 43.6684602079913 0.0 0.0 1.0008000135421753 144.0 1.330596788E12 2360.436750295
31 10.64390734769404 43.66845316719264 0.0 0.0 0.8756999969482422 143.0 1.330596789E12 2361.438966294
32 10.643915478140116 43.66844625212252 0.0 0.0 1.063349962234497 141.0 1.33059679E12 2362.474640253
33 10.643924698233604 43.66843929514289 0.0 0.0 1.063349962234497 140.0 1.330596791E12 2363.498058753
34 10.643934169784188 43.66843267343938 0.0 0.0 1.0008000135421753 138.0 1.330596792E12 2364.423137753
35 10.643944898620248 43.66842626128346 0.0 0.0 1.063349962234497 135.0 1.330596793E12 2365.638967836
36 10.643955124542117 43.66842035204172 0.0 0.0 1.0008000135421753 134.0 1.330596794E12 2366.406198961
37 10.643965182825923 43.66841440089047 0.0 0.0 1.0008000135421753 134.0 1.330596795E12 2367.442738128
38 10.643976330757141 43.668408072553575 0.0 0.0 1.0008000135421753 133.0 1.330596796E12 2368.469009003
39 10.6439870595932 43.668401911854744 0.0 0.0 1.0008000135421753 131.0 1.330596797E12 2369.485511586
40 10.643998123705387 43.66839629597962 0.0 0.0 1.0008000135421753 129.0 1.330596798E12 2370.725920128
41 10.64400851726532 43.66839101538062 0.0 0.0 0.9382500052452087 127.0 1.330596799E12 2371.412521003
42 10.644019162282348 43.66838615387678 0.0 0.0 1.0008000135421753 126.0 1.3305968E12 2372.455419628
43 10.644030813127756 43.66838120855391 0.0 0.0 1.063349962234497 125.0 1.330596801E12 2373.47744017
44 10.64404221251607 43.6683766823262 0.0 0.0 1.0008000135421753 122.0 1.330596802E12 2374.480926586
45 10.64405394718051 43.66837177891284 0.0 0.0 1.063349962234497 122.0 1.330596803E12 2375.564653253
46 10.644065095111728 43.66836775559932 0.0 0.0 0.9382500052452087 120.0 1.330596804E12 2376.50765267
47 10.6440769135952 43.66836394183338 0.0 0.0 1.0008000135421753 118.0 1.330596805E12 2377.39576017
48 10.644088732078671 43.66836025379598 0.0 0.0 0.9382500052452087 117.0 1.330596806E12 2378.423437919
49 10.644112285226583 43.66835287772119 0.0 0.0 1.0008000135421753 114.0 1.330596808E12 2380.800713211
50 10.644124271348119 43.66834960877895 0.0 0.0 0.9382500052452087 113.0 1.330596809E12 2381.432760003
51 10.644136341288686 43.668346758931875 0.0 0.0 1.063349962234497 111.0 1.33059681E12 2382.446724003
52 10.644160062074661 43.66834202315658 0.0 0.0 1.0008000135421753 109.0 1.330596812E12 2384.411530045
53 10.64418244175613 43.66833770647645 0.0 0.0 1.0008000135421753 108.0 1.330596814E12 2386.538743253
54 10.644206833094358 43.66833313833922 0.0 0.0 1.0008000135421753 104.0 1.330596816E12 2388.458939961
55 10.644219322130084 43.668331587687135 0.0 0.0 1.0008000135421753 101.0 1.330596817E12 2389.413078711
56 10.644243881106377 43.668329366482794 0.0 0.0 1.0008000135421753 98.0 1.330596819E12 2391.402457753
57 10.64425678923726 43.66832928266376 0.0 0.0 1.0008000135421753 95.0 1.33059682E12 2392.427671503
58 10.644269194453955 43.668328863568604 0.0 0.0 0.9382500052452087 94.0 1.330596821E12 2393.473488919
59 10.644293166697025 43.66832924075425 0.0 0.0 0.9382500052452087 91.0 1.330596823E12 2395.409074378
60 10.644315714016557 43.668332803063095 0.0 0.0 0.9382500052452087 88.0 1.330596825E12 2397.386554503
61 10.644339602440596 43.6683351919055 0.0 0.0 0.8756999969482422 86.0 1.330596827E12 2399.499610753
62 10.644352091476321 43.66833661682904 0.0 0.0 0.9382500052452087 84.0 1.330596828E12 2400.492315461
63 10.644365334883332 43.668338879942894 0.0 0.0 1.063349962234497 81.0 1.330596829E12 2401.50271667
64 10.644379165023565 43.66834143642336 0.0 0.0 1.0008000135421753 80.0 1.33059683E12 2402.407206753
65 10.64439257606864 43.6683436576277 0.0 0.0 1.0008000135421753 80.0 1.330596831E12 2403.440264711
66 10.644405987113714 43.668345334008336 0.0 0.0 1.063349962234497 79.0 1.330596832E12 2404.473422961
67 10.644418811425567 43.66834751330316 0.0 0.0 1.0008000135421753 78.0 1.330596833E12 2405.525227461
68 10.644430546090007 43.6683505307883 0.0 0.0 1.0008000135421753 76.0 1.330596834E12 2406.411352086
69 10.644459631294012 43.668345250189304 0.0 0.0 1.063349962234497 77.0 1.330596835E12 2407.463078086
70 10.644484609365463 43.668341897428036 0.0 0.0 1.1259000301361084 78.0 1.330596836E12 2408.393924378
71 10.644500283524394 43.668343615718186 0.0 0.0 1.1259000301361084 76.0 1.330596837E12 2409.412494503
72 10.644514616578817 43.66834650747478 0.0 0.0 1.1259000301361084 77.0 1.330596838E12 2410.420920003
73 10.644527692347765 43.66834927350283 0.0 0.0 1.0008000135421753 76.0 1.330596839E12 2411.440423961
74 10.644541019573808 43.66835220716894 0.0 0.0 1.063349962234497 73.0 1.33059684E12 2412.454414919
75 10.644551999866962 43.66835644003004 0.0 0.0 1.063349962234497 69.0 1.330596841E12 2413.472876253
76 10.644563818350434 43.66836046334356 0.0 0.0 1.063349962234497 67.0 1.330596842E12 2414.508796169
77 10.64458318054676 43.668371150270104 0.0 0.0 1.0008000135421753 62.0 1.330596844E12 2416.471760795
78 10.644599944353104 43.668382759206 0.0 0.0 1.063349962234497 59.0 1.330596846E12 2418.382100086
79 10.644609667360783 43.66839021909982 0.0 0.0 1.1259000301361084 58.0 1.330596847E12 2419.411185753
80 10.644618719816208 43.66839839145541 0.0 0.0 1.063349962234497 56.0 1.330596848E12 2420.471005711
81 10.644627772271633 43.668404845520854 0.0 0.0 1.0008000135421753 57.0 1.330596849E12 2421.402590461
82 10.644643111154437 43.66841662209481 0.0 0.0 1.0008000135421753 53.0 1.330596851E12 2423.546755878
83 10.644650738686323 43.66842378862202 0.0 0.0 0.9382500052452087 52.0 1.330596852E12 2424.443542461
84 10.644659707322717 43.66843015886843 0.0 0.0 1.0008000135421753 52.0 1.330596853E12 2425.50729817
85 10.644667418673635 43.668437409214675 0.0 0.0 0.9382500052452087 51.0 1.330596854E12 2426.517806711
86 10.644679488614202 43.66845354437828 0.0 0.0 1.063349962234497 45.0 1.330596856E12 2428.487022378
87 10.644687954336405 43.66846167482436 0.0 0.0 1.1259000301361084 45.0 1.330596857E12 2429.415159586
88 10.64469457603991 43.66847035009414 0.0 0.0 1.0008000135421753 42.0 1.330596858E12 2430.460814586
89 10.644699856638908 43.66847952827811 0.0 0.0 1.063349962234497 37.0 1.330596859E12 2431.482289753
90 10.644705388695002 43.668488706462085 0.0 0.0 1.063349962234497 38.0 1.33059686E12 2432.406239961
91 10.64471259713173 43.668496292084455 0.0 0.0 1.0008000135421753 38.0 1.330596861E12 2433.378930669
92 10.644722739234567 43.6685130558908 0.0 0.0 1.063349962234497 30.0 1.330596863E12 2435.386691545
93 10.644728438928723 43.66852227598429 0.0 0.0 1.063349962234497 29.0 1.330596864E12 2436.412220003
94 10.644734390079975 43.66853053215891 0.0 0.0 1.063349962234497 29.0 1.330596865E12 2437.482428295
95 10.644738832488656 43.66854025516659 0.0 0.0 1.063349962234497 28.0 1.330596866E12 2438.39593217
96 10.644743526354432 43.668550439178944 0.0 0.0 1.0008000135421753 27.0 1.330596867E12 2439.447363753
97 10.644747130572796 43.668559743091464 0.0 0.0 1.0008000135421753 27.0 1.330596868E12 2440.503620878
98 10.644750483334064 43.66856950800866 0.0 0.0 1.063349962234497 26.0 1.330596869E12 2441.411697336
99 10.644753249362111 43.66857889574021 0.0 0.0 0.8756999969482422 24.0 1.33059687E12 2442.450938961
100 10.644756015390158 43.66858845110983 0.0 0.0 1.0008000135421753 22.0 1.330596871E12 2443.481953378
101 10.64475852996111 43.66859821602702 0.0 0.0 1.0008000135421753 20.0 1.330596872E12 2444.488506253
102 10.64476054161787 43.66860827431083 0.0 0.0 1.1259000301361084 18.0 1.330596873E12 2445.416398045
103 10.6447624694556 43.668617410585284 0.0 0.0 0.8756999969482422 18.0 1.330596874E12 2446.382537378
104 10.644765067845583 43.6686372756958 0.0 0.0 0.9382500052452087 16.0 1.330596876E12 2448.544027128
105 10.644766660407186 43.66864766925573 0.0 0.0 1.1259000301361084 12.0 1.330596877E12 2449.454662878
106 10.64476733095944 43.66865768563002 0.0 0.0 1.0008000135421753 10.0 1.330596878E12 2450.483445919
107 10.644766744226217 43.668670007027686 0.0 0.0 1.0008000135421753 9.0 1.330596879E12 2451.50043242
108 10.644765067845583 43.66868341807276 0.0 0.0 1.0008000135421753 8.0 1.33059688E12 2452.409628961
109 10.644764145836234 43.66869309917092 0.0 0.0 1.0008000135421753 7.0 1.330596881E12 2453.433649378
110 10.644762720912695 43.66870294790715 0.0 0.0 1.063349962234497 5.0 1.330596882E12 2454.465395211
111 10.64476104453206 43.66871304810047 0.0 0.0 1.063349962234497 3.0 1.330596883E12 2455.510634753
112 10.644759871065617 43.668722310103476 0.0 0.0 1.0008000135421753 3.0 1.330596884E12 2456.499814961
113 10.644757943227887 43.668740540742874 0.0 0.0 1.0008000135421753 3.0 1.330596886E12 2458.42578942
114 10.644756769761443 43.66875047329813 0.0 0.0 1.0008000135421753 1.0 1.330596887E12 2459.46723967
115 10.644755763933063 43.66876053158194 0.0 0.0 1.0008000135421753 1.0 1.330596888E12 2460.547502795
116 10.644755512475967 43.66877012886107 0.0 0.0 1.0008000135421753 1.0 1.330596889E12 2461.428165419
117 10.644754841923714 43.66877964232117 0.0 0.0 1.1259000301361084 1.0 1.33059689E12 2462.46519142
118 10.644754255190492 43.66878957487643 0.0 0.0 1.063349962234497 0.0 1.330596891E12 2463.497534003
119 10.644753584638238 43.668798920698464 0.0 0.0 1.063349962234497 1.0 1.330596892E12 2464.408276503
120 10.644754087552428 43.66880818270147 0.0 0.0 0.9382500052452087 2.0 1.330596893E12 2465.487614128
121 10.64475517719984 43.66881736088544 0.0 0.0 1.0008000135421753 3.0 1.330596894E12 2466.503966753
122 10.644755763933063 43.668826832436025 0.0 0.0 1.063349962234497 3.0 1.330596895E12 2467.40243767
123 10.644755847752094 43.66883609443903 0.0 0.0 1.0008000135421753 2.0 1.330596896E12 2468.430601836
124 10.644756183028221 43.66885403171182 0.0 0.0 1.0008000135421753 2.0 1.330596898E12 2470.400638253
125 10.644756266847253 43.66886354517192 0.0 0.0 1.063349962234497 1.0 1.330596899E12 2471.43703817
126 10.644756350666285 43.66887343581766 0.0 0.0 1.063349962234497 2.0 1.3305969E12 2472.46011867
127 10.644756266847253 43.6688833264634 0.0 0.0 1.063349962234497 1.0 1.330596901E12 2473.500467086
128 10.644756350666285 43.668893007561564 0.0 0.0 1.0008000135421753 1.0 1.330596902E12 2474.401217086
129 10.64475660212338 43.66890268865973 0.0 0.0 1.0008000135421753 1.0 1.330596903E12 2475.444320794
130 10.644756853580475 43.66891270503402 0.0 0.0 1.0008000135421753 1.0 1.330596904E12 2476.481119169
131 10.644757188856602 43.66892221849412 0.0 0.0 0.9382500052452087 1.0 1.330596905E12 2477.511999836
132 10.644757691770792 43.66893177386373 0.0 0.0 1.0008000135421753 2.0 1.330596906E12 2478.433185253
133 10.64475811086595 43.668941874057055 0.0 0.0 1.0008000135421753 2.0 1.330596907E12 2479.430729295
134 10.644758446142077 43.668951974250376 0.0 0.0 1.0008000135421753 2.0 1.330596908E12 2480.454148711
135 10.644758697599173 43.668961906805634 0.0 0.0 1.0008000135421753 2.0 1.330596909E12 2481.475049878
136 10.644759619608521 43.668972216546535 0.0 0.0 1.063349962234497 3.0 1.33059691E12 2482.509676336
137 10.644760122522712 43.66898177191615 0.0 0.0 0.9382500052452087 2.0 1.330596911E12 2483.519754628
138 10.644759871065617 43.66899099200964 0.0 0.0 1.0008000135421753 1.0 1.330596912E12 2484.398520378
139 10.644759787246585 43.66900037974119 0.0 0.0 0.9382500052452087 1.0 1.330596913E12 2485.565168128
140 10.64476003870368 43.669009767472744 0.0 0.0 0.9382500052452087 1.0 1.330596914E12 2486.408045378
141 10.644760122522712 43.66901944857091 0.0 0.0 1.0008000135421753 1.0 1.330596915E12 2487.433721794
142 10.644760373979807 43.66902925539762 0.0 0.0 1.0008000135421753 1.0 1.330596916E12 2488.475872795
143 10.644760876893997 43.66903902031481 0.0 0.0 1.0008000135421753 2.0 1.330596917E12 2489.517051128
144 10.644761631265283 43.6690490366891 0.0 0.0 1.0008000135421753 3.0 1.330596918E12 2490.438308294
145 10.644762050360441 43.66905901115388 0.0 0.0 1.0008000135421753 2.0 1.330596919E12 2491.471340253
146 10.644762637093663 43.66906898561865 0.0 0.0 1.0008000135421753 2.0 1.33059692E12 2492.393552086
147 10.64476146362722 43.6690786248073 0.0 0.0 1.063349962234497 0.0 1.330596921E12 2493.399803669
148 10.644760457798839 43.66908784490079 0.0 0.0 0.9382500052452087 359.0 1.330596922E12 2494.438859044
149 10.644760625436902 43.66909702308476 0.0 0.0 1.0008000135421753 0.0 1.330596923E12 2495.456490836
150 10.644761128351092 43.669106578454375 0.0 0.0 1.0008000135421753 0.0 1.330596924E12 2496.488898461
151 10.644761379808187 43.669115798547864 0.0 0.0 1.0008000135421753 2.0 1.330596925E12 2497.522135086
152 10.644761631265283 43.6691251443699 0.0 0.0 1.0008000135421753 2.0 1.330596926E12 2498.533891211
153 10.644761212170124 43.66913432255387 0.0 0.0 0.9382500052452087 2.0 1.330596927E12 2499.414394503
154 10.644761128351092 43.66914358455688 0.0 0.0 0.9382500052452087 2.0 1.330596928E12 2500.463133336
155 10.644761379808187 43.669153936207294 0.0 0.0 1.1259000301361084 2.0 1.330596929E12 2501.462764503
156 10.644760457798839 43.669164036400616 0.0 0.0 1.063349962234497 0.0 1.33059693E12 2502.437507753
157 10.64475660212338 43.669181261211634 0.0 0.0 1.0008000135421753 359.0 1.330596932E12 2504.469094836
158 10.644754422828555 43.66919073276222 0.0 0.0 1.0008000135421753 359.0 1.330596933E12 2505.487480378
159 10.644753836095333 43.66920095868409 0.0 0.0 1.063349962234497 359.0 1.330596934E12 2506.493011545
160 10.644753249362111 43.66921080742031 0.0 0.0 1.063349962234497 0.0 1.330596935E12 2507.412357586
161 10.64475224353373 43.669219901785254 0.0 0.0 1.0008000135421753 0.0 1.330596936E12 2508.44733092
162 10.644750818610191 43.669229205697775 0.0 0.0 1.063349962234497 359.0 1.330596937E12 2509.472727961
163 10.644750148057938 43.66923863533884 0.0 0.0 1.063349962234497 0.0 1.330596938E12 2510.513574794
164 10.64474930986762 43.66925674024969 0.0 0.0 1.0008000135421753 1.0 1.33059694E12 2512.424677128
165 10.644748639315367 43.6692660022527 0.0 0.0 1.063349962234497 0.0 1.330596941E12 2513.42106042
166 10.644747717306018 43.66927538998425 0.0 0.0 1.0008000135421753 0.0 1.330596942E12 2514.439449169
167 10.644746795296669 43.669284945353866 0.0 0.0 0.9382500052452087 0.0 1.330596943E12 2515.467437753
168 10.644746208563447 43.66929412353784 0.0 0.0 1.0008000135421753 0.0 1.330596944E12 2516.47175767
169 10.644744029268622 43.669311976991594 0.0 0.0 1.0008000135421753 359.0 1.330596946E12 2518.435218586
170 10.64474243670702 43.66932144854218 0.0 0.0 1.0008000135421753 359.0 1.330596947E12 2519.454865128
171 10.644740927964449 43.66933125536889 0.0 0.0 1.0008000135421753 359.0 1.330596948E12 2520.477393711
172 10.644739335402846 43.66934127174318 0.0 0.0 1.063349962234497 359.0 1.330596949E12 2521.493588628
173 10.644737826660275 43.66935149766505 0.0 0.0 1.063349962234497 359.0 1.33059695E12 2522.43539817
174 10.644736737012863 43.66936151403934 0.0 0.0 1.063349962234497 359.0 1.330596951E12 2523.434138169
175 10.644736234098673 43.66937132086605 0.0 0.0 1.063349962234497 0.0 1.330596952E12 2524.472735503
176 10.644735228270292 43.669380373321474 0.0 0.0 0.9382500052452087 358.0 1.330596953E12 2525.435663961
177 10.644735060632229 43.669390389695764 0.0 0.0 1.063349962234497 0.0 1.330596954E12 2526.45544442
178 10.644734976813197 43.66940153762698 0.0 0.0 0.9382500052452087 1.0 1.330596955E12 2527.452529378
179 10.644734222441912 43.66941138636321 0.0 0.0 0.9382500052452087 1.0 1.330596956E12 2528.436692836
180 10.644733384251595 43.66942064836621 0.0 0.0 0.8756999969482422 0.0 1.330596957E12 2529.47697267
181 10.644732378423214 43.66943037137389 0.0 0.0 1.063349962234497 359.0 1.330596958E12 2530.505259378
182 10.64473070204258 43.669440345838666 0.0 0.0 1.1259000301361084 357.0 1.330596959E12 2531.52658242
183 10.644727349281311 43.66944923065603 0.0 0.0 1.0008000135421753 355.0 1.33059696E12 2532.42629592
184 10.644724918529391 43.66945819929242 0.0 0.0 1.063349962234497 355.0 1.330596961E12 2533.468342128
185 10.644722655415535 43.66946733556688 0.0 0.0 1.0008000135421753 355.0 1.330596962E12 2534.485586836
186 10.644720392301679 43.66947659756988 0.0 0.0 1.063349962234497 354.0 1.330596963E12 2535.41067042
187 10.64471804536879 43.66948636248708 0.0 0.0 1.063349962234497 354.0 1.330596964E12 2536.430863753
188 10.644715363159776 43.66949575021863 0.0 0.0 0.9382500052452087 352.0 1.330596965E12 2537.472172128
189 10.644712010398507 43.66950467694551 0.0 0.0 1.0008000135421753 350.0 1.330596966E12 2538.504414669
190 10.644708406180143 43.66951427422464 0.0 0.0 1.1259000301361084 350.0 1.330596967E12 2539.414541086
191 10.644702622666955 43.66952366195619 0.0 0.0 1.0008000135421753 346.0 1.330596968E12 2540.421683003
192 10.644693654030561 43.66954084485769 0.0 0.0 1.0008000135421753 345.0 1.33059697E12 2542.408122919
193 10.644689546898007 43.66954943630844 0.0 0.0 0.9382500052452087 342.0 1.330596971E12 2543.459416753
194 10.64467890188098 43.66956527810544 0.0 0.0 0.9382500052452087 336.0 1.330596973E12 2545.433682794
195 10.644672196358442 43.66957458201796 0.0 0.0 1.063349962234497 334.0 1.330596974E12 2546.459913003
196 10.644665407016873 43.6695836763829 0.0 0.0 1.1259000301361084 333.0 1.330596975E12 2547.519875378
197 10.64465836621821 43.66959289647639 0.0 0.0 1.063349962234497 332.0 1.330596976E12 2548.437689753
198 10.64465107396245 43.66960136219859 0.0 0.0 1.0008000135421753 330.0 1.330596977E12 2549.491314586
199 10.644643027335405 43.66960966028273 0.0 0.0 1.063349962234497 329.0 1.330596978E12 2550.535204919
200 10.644633555784822 43.66961716208607 0.0 0.0 1.063349962234497 326.0 1.330596979E12 2551.457568378
201 10.644624251872301 43.66962416097522 0.0 0.0 1.0008000135421753 324.0 1.33059698E12 2552.433620086
202 10.64461444504559 43.669631872326136 0.0 0.0 1.063349962234497 322.0 1.330596981E12 2553.489015669
203 10.644603967666626 43.66964029613882 0.0 0.0 1.1259000301361084 320.0 1.330596982E12 2554.505594086
204 10.644594077020884 43.66964733693749 0.0 0.0 1.0008000135421753 319.0 1.330596983E12 2555.42193892
205 10.644585359841585 43.66965441964567 0.0 0.0 1.0008000135421753 319.0 1.330596984E12 2556.478735794
206 10.644576642662287 43.66966116707772 0.0 0.0 1.0008000135421753 318.0 1.330596985E12 2557.47084167
207 10.644566332921386 43.669668291695416 0.0 0.0 1.1259000301361084 316.0 1.330596986E12 2558.491184211
208 10.644555855542421 43.66967554204166 0.0 0.0 1.063349962234497 315.0 1.330596987E12 2559.519867211
209 10.644546216353774 43.669683085754514 0.0 0.0 1.063349962234497 315.0 1.330596988E12 2560.411657045
210 10.64453523606062 43.66968979127705 0.0 0.0 1.063349962234497 312.0 1.330596989E12 2561.436126586
211 10.644523585215211 43.669695407152176 0.0 0.0 1.1259000301361084 310.0 1.33059699E12 2562.507950836
212 10.644510928541422 43.66970114875585 0.0 0.0 1.1259000301361084 308.0 1.330596991E12 2563.519700128
213 10.64449760131538 43.66970722563565 0.0 0.0 1.1259000301361084 306.0 1.330596992E12 2564.454304753
214 10.644484190270305 43.66971288342029 0.0 0.0 1.1259000301361084 304.0 1.330596993E12 2565.426214544
215 10.644471030682325 43.6697182059288 0.0 0.0 1.1884499788284302 303.0 1.330596994E12 2566.441612336
216 10.644457954913378 43.669723235070705 0.0 0.0 1.063349962234497 302.0 1.330596995E12 2567.515270211
217 10.644445214420557 43.669727887026966 0.0 0.0 1.063349962234497 302.0 1.330596996E12 2568.456522336
218 10.644432306289673 43.669732245616615 0.0 0.0 1.1259000301361084 300.0 1.330596997E12 2569.427574753
219 10.644418727606535 43.66973652038723 0.0 0.0 1.1884499788284302 298.0 1.330596998E12 2570.477453878
220 10.644405484199524 43.66973999887705 0.0 0.0 1.063349962234497 296.0 1.330596999E12 2571.430473294
221 10.644391821697354 43.66974314209074 0.0 0.0 1.0008000135421753 294.0 1.330597E12 2572.418647711
222 10.644377153366804 43.66974653676152 0.0 0.0 1.1259000301361084 293.0 1.330597001E12 2573.472623878
223 10.644363658502698 43.66974879987538 0.0 0.0 1.0008000135421753 290.0 1.330597002E12 2574.428424211
224 10.644350918009877 43.66975068580359 0.0 0.0 1.0008000135421753 289.0 1.330597003E12 2575.434940044
225 10.644338512793183 43.66975219454616 0.0 0.0 0.9382500052452087 286.0 1.330597004E12 2576.517865295
226 10.64432610757649 43.66975382901728 0.0 0.0 0.9382500052452087 285.0 1.330597005E12 2577.445009003
227 10.644311858341098 43.66975617595017 0.0 0.0 1.1259000301361084 285.0 1.330597006E12 2578.467000961
228 10.644298112019897 43.66975822951645 0.0 0.0 1.063349962234497 284.0 1.330597007E12 2579.480283211
229 10.644285203889012 43.66976024117321 0.0 0.0 1.063349962234497 282.0 1.330597008E12 2580.481859378
230 10.644271457567811 43.669761875644326 0.0 0.0 1.1259000301361084 279.0 1.330597009E12 2581.525014878
231 10.64425771124661 43.669763216748834 0.0 0.0 1.063349962234497 278.0 1.33059701E12 2582.399991003
232 10.644243713468313 43.66976489312947 0.0 0.0 1.063349962234497 277.0 1.330597011E12 2583.444491253
233 10.6442288774997 43.66976568941027 0.0 0.0 1.1259000301361084 275.0 1.330597012E12 2584.51291867
234 10.644214544445276 43.669766024686396 0.0 0.0 1.063349962234497 274.0 1.330597013E12 2585.408284003
235 10.644200211390853 43.669765731319785 0.0 0.0 1.1259000301361084 270.0 1.330597014E12 2586.45039892
236 10.644186129793525 43.66976547986269 0.0 0.0 1.0008000135421753 269.0 1.330597015E12 2587.516365045
237 10.644172886386514 43.66976439021528 0.0 0.0 1.0008000135421753 265.0 1.330597016E12 2588.432459503
238 10.644159642979503 43.6697631329298 0.0 0.0 1.063349962234497 264.0 1.330597017E12 2589.473167294
239 10.644146651029587 43.66976145654917 0.0 0.0 1.0008000135421753 262.0 1.330597018E12 2590.497382503
240 10.644133239984512 43.669759067706764 0.0 0.0 1.063349962234497 260.0 1.330597019E12 2591.517611211
241 10.644119996577501 43.66975701414049 0.0 0.0 1.0008000135421753 260.0 1.33059702E12 2592.423212128
242 10.644106669351459 43.66975512821227 0.0 0.0 1.063349962234497 260.0 1.330597021E12 2593.472974045
243 10.644093174487352 43.6697528231889 0.0 0.0 1.063349962234497 258.0 1.330597022E12 2594.469879544
244 10.644079931080341 43.66974997334182 0.0 0.0 1.063349962234497 257.0 1.330597023E12 2595.495475461
245 10.644067022949457 43.6697469977662 0.0 0.0 1.0008000135421753 255.0 1.330597024E12 2596.544975919
246 10.6440544500947 43.66974385455251 0.0 0.0 1.0008000135421753 253.0 1.330597025E12 2597.446894961
247 10.644041625782847 43.66974016651511 0.0 0.0 1.063349962234497 251.0 1.330597026E12 2598.502652753
248 10.64402905292809 43.66973652038723 0.0 0.0 0.9382500052452087 251.0 1.330597027E12 2599.466207253
249 10.644017234444618 43.66973320953548 0.0 0.0 0.9382500052452087 249.0 1.330597028E12 2600.578231878
250 10.644005164504051 43.66972943767905 0.0 0.0 1.063349962234497 248.0 1.330597029E12 2601.435684253
251 10.643992843106389 43.66972512099892 0.0 0.0 1.063349962234497 246.0 1.33059703E12 2602.474521003
252 10.64398211427033 43.6697192536667 0.0 0.0 1.0008000135421753 243.0 1.330597031E12 2603.515049253
253 10.643972475081682 43.66971275769174 0.0 0.0 1.0008000135421753 238.0 1.330597032E12 2604.42777992
254 10.643961913883686 43.66970621980727 0.0 0.0 1.063349962234497 237.0 1.330597033E12 2605.448045419
255 10.64395135268569 43.66969984956086 0.0 0.0 1.0008000135421753 236.0 1.330597034E12 2606.469190461
256 10.643941462039948 43.66969343740493 0.0 0.0 1.063349962234497 235.0 1.330597035E12 2607.476415753
257 10.643931236118078 43.669686522334814 0.0 0.0 1.1259000301361084 233.0 1.330597036E12 2608.509933836
258 10.643920842558146 43.6696796072647 0.0 0.0 1.063349962234497 232.0 1.330597037E12 2609.54206542
259 10.643911119550467 43.669673153199255 0.0 0.0 1.0008000135421753 231.0 1.330597038E12 2610.420863753
260 10.643902067095041 43.66966632194817 0.0 0.0 1.0008000135421753 229.0 1.330597039E12 2611.474733336
261 10.643893852829933 43.66965882014483 0.0 0.0 1.0008000135421753 228.0 1.33059704E12 2612.499578836
262 10.643884968012571 43.6696510668844 0.0 0.0 1.1259000301361084 226.0 1.330597041E12 2613.428556544
263 10.643875831738114 43.66964293643832 0.0 0.0 1.063349962234497 224.0 1.330597042E12 2614.454683586
264 10.64386728219688 43.66963476408273 0.0 0.0 1.063349962234497 223.0 1.330597043E12 2615.488746461
265 10.643859151750803 43.66962629836053 0.0 0.0 1.063349962234497 221.0 1.330597044E12 2616.517565961
266 10.643853535875678 43.669616910628974 0.0 0.0 1.0008000135421753 219.0 1.330597045E12 2617.523441628
267 10.643846159800887 43.669608402997255 0.0 0.0 1.063349962234497 217.0 1.330597046E12 2618.438550086
268 10.643839370459318 43.669599811546504 0.0 0.0 1.0008000135421753 215.0 1.330597047E12 2619.438349711
269 10.643832748755813 43.66959113627672 0.0 0.0 1.063349962234497 214.0 1.330597048E12 2620.471708878
270 10.643826546147466 43.66958233527839 0.0 0.0 1.0008000135421753 212.0 1.330597049E12 2621.515284711
271 10.643820594996214 43.66957374382764 0.0 0.0 1.0008000135421753 212.0 1.33059705E12 2622.418540544
272 10.643814811483026 43.66956536192447 0.0 0.0 1.0008000135421753 211.0 1.330597051E12 2623.436131545
273 10.6438091956079 43.669557105749846 0.0 0.0 1.0008000135421753 209.0 1.330597052E12 2624.492327503
274 10.643802909180522 43.66954864002764 0.0 0.0 1.063349962234497 206.0 1.330597053E12 2625.432068753
275 10.643798634409904 43.66953925229609 0.0 0.0 1.063349962234497 203.0 1.330597054E12 2626.44685742
276 10.643794862553477 43.66952965501696 0.0 0.0 1.063349962234497 201.0 1.330597055E12 2627.492163503
277 10.64379109069705 43.669519764371216 0.0 0.0 1.1884499788284302 199.0 1.330597056E12 2628.504467586
278 10.643787821754813 43.66951025091112 0.0 0.0 1.063349962234497 198.0 1.330597057E12 2629.422828295
279 10.643784385174513 43.669501072727144 0.0 0.0 1.0008000135421753 197.0 1.330597058E12 2630.47750817
280 10.643781870603561 43.66949151735753 0.0 0.0 1.063349962234497 194.0 1.330597059E12 2631.533517378
281 10.643779607489705 43.669481542892754 0.0 0.0 1.1259000301361084 192.0 1.33059706E12 2632.451689878
282 10.643777847290039 43.669470604509115 0.0 0.0 1.1259000301361084 191.0 1.330597061E12 2633.447661628
283 10.643775584176183 43.66946021094918 0.0 0.0 1.063349962234497 190.0 1.330597062E12 2634.48181592
284 10.64377348870039 43.669451284222305 0.0 0.0 0.9382500052452087 189.0 1.330597063E12 2635.522612545
285 10.643772650510073 43.669441561214626 0.0 0.0 1.063349962234497 188.0 1.330597064E12 2636.45086367
286 10.643772566691041 43.66943129338324 0.0 0.0 1.1259000301361084 185.0 1.330597065E12 2637.491090628
287 10.643772818148136 43.6694214027375 0.0 0.0 1.063349962234497 183.0 1.330597066E12 2638.539349003
288 10.643772734329104 43.66941075772047 0.0 0.0 1.1884499788284302 182.0 1.330597067E12 2639.473429544
289 10.643773321062326 43.669399777427316 0.0 0.0 1.1259000301361084 181.0 1.330597068E12 2640.477605461
290 10.643773069605231 43.66938950959593 0.0 0.0 1.063349962234497 180.0 1.330597069E12 2641.537158378
291 10.643772901967168 43.66937949322164 0.0 0.0 1.063349962234497 180.0 1.33059707E12 2642.43146642
292 10.643774159252644 43.669369141571224 0.0 0.0 1.063349962234497 178.0 1.330597071E12 2643.470669211
293 10.643775332719088 43.66935866419226 0.0 0.0 1.1259000301361084 177.0 1.330597072E12 2644.423228211
294 10.6437764223665 43.669347893446684 0.0 0.0 1.1259000301361084 177.0 1.330597073E12 2645.427917795
295 10.643775667995214 43.66933733224869 0.0 0.0 1.1259000301361084 178.0 1.330597074E12 2646.465806169
296 10.643775667995214 43.6693270644173 0.0 0.0 1.0008000135421753 177.0 1.330597075E12 2647.49207717
297 10.643777009099722 43.66931729950011 0.0 0.0 1.063349962234497 176.0 1.330597076E12 2648.539078503
298 10.643778601661325 43.669307408854365 0.0 0.0 1.063349962234497 177.0 1.330597077E12 2649.440771336
299 10.643781032413244 43.66929751820862 0.0 0.0 1.1259000301361084 176.0 1.330597078E12 2650.452855336
300 10.643784552812576 43.66928792092949 0.0 0.0 1.0008000135421753 174.0 1.330597079E12 2651.474220628
301 10.643786899745464 43.669278575107455 0.0 0.0 1.1259000301361084 174.0 1.33059708E12 2652.479217753
302 10.643787989392877 43.66926914546639 0.0 0.0 1.0008000135421753 175.0 1.330597081E12 2653.51253817
303 10.643788408488035 43.66925921291113 0.0 0.0 1.1259000301361084 176.0 1.330597082E12 2654.462033795
304 10.643790001049638 43.66924860980362 0.0 0.0 1.1259000301361084 176.0 1.330597083E12 2655.45733767
305 10.64379209652543 43.66923792287707 0.0 0.0 1.1259000301361084 175.0 1.330597084E12 2656.52655742
306 10.643793689087033 43.66922773886472 0.0 0.0 1.063349962234497 176.0 1.330597085E12 2657.444620878
307 10.643794694915414 43.66921809967607 0.0 0.0 1.063349962234497 175.0 1.330597086E12 2658.48669767
308 10.643796036019921 43.669207957573235 0.0 0.0 1.1259000301361084 177.0 1.330597087E12 2659.540737503
309 10.643798131495714 43.669197438284755 0.0 0.0 1.063349962234497 176.0 1.330597088E12 2660.445044628
310 10.643798466771841 43.66918779909611 0.0 0.0 1.0008000135421753 178.0 1.330597089E12 2661.448042753
311 10.643799304962158 43.66917795035988 0.0 0.0 1.063349962234497 177.0 1.33059709E12 2662.509178711
312 10.643800143152475 43.669168101623654 0.0 0.0 1.063349962234497 177.0 1.330597091E12 2663.497037461
313 10.643800562247634 43.66915842052549 0.0 0.0 1.063349962234497 177.0 1.330597092E12 2664.515719336
314 10.64380181953311 43.66914848797023 0.0 0.0 1.1259000301361084 175.0 1.330597093E12 2665.426719586
315 10.643802070990205 43.66913838777691 0.0 0.0 1.1259000301361084 176.0 1.330597094E12 2666.484542503
316 10.64380374737084 43.6691277846694 0.0 0.0 1.063349962234497 176.0 1.330597095E12 2667.518804586
317 10.643803998827934 43.66911806166172 0.0 0.0 1.0008000135421753 177.0 1.330597096E12 2668.439698253
318 10.64380525611341 43.66910833865404 0.0 0.0 1.0008000135421753 177.0 1.330597097E12 2669.510681503
319 10.64380718395114 43.66909823846072 0.0 0.0 1.0008000135421753 177.0 1.330597098E12 2670.50573617
320 10.643809447064996 43.669088766910136 0.0 0.0 1.0008000135421753 176.0 1.330597099E12 2671.534312753
321 10.643811291083694 43.66907887626439 0.0 0.0 1.063349962234497 177.0 1.3305971E12 2672.440198295
322 10.643810452893376 43.669068440794945 0.0 0.0 1.1884499788284302 179.0 1.330597101E12 2673.500944003
323 10.643811374902725 43.66905767004937 0.0 0.0 1.063349962234497 178.0 1.330597102E12 2674.522563503
324 10.643813638016582 43.66904727648944 0.0 0.0 1.063349962234497 178.0 1.330597103E12 2675.468870253
325 10.643816906958818 43.66903654765338 0.0 0.0 1.1259000301361084 176.0 1.330597104E12 2676.492302628
326 10.643819756805897 43.669025734998286 0.0 0.0 1.063349962234497 176.0 1.330597105E12 2677.528054961
327 10.64381942152977 43.66901584435254 0.0 0.0 1.063349962234497 175.0 1.330597106E12 2678.541634878
328 10.643819756805897 43.6690059537068 0.0 0.0 1.063349962234497 176.0 1.330597107E12 2679.477076711
329 10.643820092082024 43.668996188789606 0.0 0.0 1.063349962234497 176.0 1.330597108E12 2680.471807753
330 10.64382093027234 43.66898579522967 0.0 0.0 1.063349962234497 174.0 1.330597109E12 2681.502475128
331 10.643822187557817 43.66897569503635 0.0 0.0 1.063349962234497 175.0 1.33059711E12 2682.529405503
332 10.64382285811007 43.668965552933514 0.0 0.0 1.0008000135421753 176.0 1.330597111E12 2683.447174753
333 10.643823277205229 43.66895578801632 0.0 0.0 1.0008000135421753 177.0 1.330597112E12 2684.47087967
334 10.643823696300387 43.66894585546106 0.0 0.0 1.063349962234497 177.0 1.330597113E12 2685.487452128
335 10.643825037404895 43.668936006724834 0.0 0.0 1.063349962234497 178.0 1.330597114E12 2686.441688586
336 10.643827049061656 43.668925864622 0.0 0.0 1.0008000135421753 177.0 1.330597115E12 2687.538280961
337 10.643828306347132 43.66891580633819 0.0 0.0 1.063349962234497 177.0 1.330597116E12 2688.439634961
338 10.643828893080354 43.66890612524003 0.0 0.0 1.0008000135421753 177.0 1.330597117E12 2689.482283711
339 10.643828054890037 43.668896444141865 0.0 0.0 1.063349962234497 177.0 1.330597118E12 2690.478200253
340 10.643828809261322 43.66888558957726 0.0 0.0 1.1259000301361084 177.0 1.330597119E12 2691.538592794
341 10.643829982727766 43.66887515410781 0.0 0.0 1.063349962234497 176.0 1.33059712E12 2692.441504711
342 10.64383015036583 43.668864886276424 0.0 0.0 1.063349962234497 177.0 1.330597121E12 2693.469136419
343 10.643829815089703 43.66885491181165 0.0 0.0 1.063349962234497 177.0 1.330597122E12 2694.511200961
344 10.643829395994544 43.66884573362768 0.0 0.0 0.9382500052452087 178.0 1.330597123E12 2695.529030044
345 10.643830318003893 43.66882767062634 0.0 0.0 1.0008000135421753 176.0 1.330597125E12 2697.448948253
346 10.643831826746464 43.66881761234254 0.0 0.0 1.0008000135421753 176.0 1.330597126E12 2698.52222342
347 10.643830904737115 43.66880835033953 0.0 0.0 1.0008000135421753 176.0 1.330597127E12 2699.455392628
348 10.643831491470337 43.66879862733185 0.0 0.0 1.0008000135421753 175.0 1.330597128E12 2700.484003753
349 10.643831994384527 43.668788485229015 0.0 0.0 1.063349962234497 174.0 1.330597129E12 2701.608082961
350 10.64383308403194 43.66877821739763 0.0 0.0 1.063349962234497 176.0 1.33059713E12 2702.489832253
351 10.643833838403225 43.66876820102334 0.0 0.0 1.063349962234497 175.0 1.330597131E12 2703.464113003
352 10.64383358694613 43.66875868756324 0.0 0.0 1.063349962234497 175.0 1.330597132E12 2704.479517919
353 10.643832245841622 43.66874971892685 0.0 0.0 1.063349962234497 176.0 1.330597133E12 2705.496596086
354 10.6438316591084 43.6687400797382 0.0 0.0 1.0008000135421753 178.0 1.330597134E12 2706.527826295
355 10.643831240013242 43.668730105273426 0.0 0.0 1.063349962234497 178.0 1.330597135E12 2707.434494711
356 10.643830988556147 43.66872021462768 0.0 0.0 1.0008000135421753 177.0 1.330597136E12 2708.467018253
357 10.643830820918083 43.66871065925807 0.0 0.0 1.063349962234497 179.0 1.330597137E12 2709.531059753
358 10.64382964745164 43.66870156489313 0.0 0.0 1.063349962234497 179.0 1.330597138E12 2710.438728211
359 10.643822690472007 43.66869221907109 0.0 0.0 1.063349962234497 177.0 1.330597139E12 2711.498780086
360 10.643822019919753 43.668682244606316 0.0 0.0 1.0008000135421753 175.0 1.33059714E12 2712.537370211
361 10.643823277205229 43.6686726892367 0.0 0.0 0.9382500052452087 174.0 1.330597141E12 2713.464215669
