5 10.6439611595124 43.66869406308979 0.0 0.0 0.5004000067710876 256.0 1.330515031E12 3056.558657824
6 10.643936265259981 43.668700559064746 0.0 0.0 0.37530001997947693 267.0 1.330515032E12 3057.610667199
7 10.643884213641286 43.66872390266508 0.0 0.0 0.3127500116825104 307.0 1.330515033E12 3058.617563408
8 10.643894355744123 43.66873199120164 0.0 0.0 0.4378499984741211 348.0 1.330515035E12 3060.587713741
9 10.643885973840952 43.668724657036364 0.0 0.0 0.6880499720573425 349.0 1.330515037E12 3062.623513074
10 10.643890583887696 43.668712419457734 0.0 0.0 0.3127500116825104 341.0 1.330515038E12 3063.664986116
11 10.6438956130296 43.66870374418795 0.0 0.0 0.2502000033855438 20.0 1.330515039E12 3064.577593949
12 10.64390441402793 43.66871036589146 0.0 0.0 0.37530001997947693 321.0 1.330515042E12 3067.595366283
13 10.643900893628597 43.66869624238461 0.0 0.0 0.9382500052452087 248.0 1.33051505E12 3075.703071324
14 10.643901564180851 43.66868547163904 0.0 0.0 0.4378499984741211 234.0 1.330515051E12 3076.556302658
15 10.643904246389866 43.66867503616959 0.0 0.0 0.5629500150680542 215.0 1.330515052E12 3077.586612116
16 10.643917070701718 43.668668707832694 0.0 0.0 0.7506000399589539 186.0 1.330515054E12 3079.559284907
17 10.643930733203888 43.66866724099964 0.0 0.0 1.4386500120162964 178.0 1.330515055E12 3080.599453074
18 10.643927548080683 43.66863656323403 0.0 0.0 1.5012000799179077 175.0 1.330515058E12 3083.548899949
19 10.643923943862319 43.66861238144338 0.0 0.0 1.6262999773025513 174.0 1.330515059E12 3084.568128199
20 10.643926206976175 43.668597964569926 0.0 0.0 1.376099944114685 172.0 1.33051506E12 3085.613440532
21 10.643932661041617 43.66858384106308 0.0 0.0 1.4386500120162964 170.0 1.330515062E12 3086.970475699
22 10.643947748467326 43.66857307031751 0.0 0.0 1.5637500286102295 168.0 1.330515064E12 3089.082440533
23 10.643961913883686 43.668566322885454 0.0 0.0 1.376099944114685 166.0 1.330515065E12 3089.946844824
24 10.643970463424921 43.668558024801314 0.0 0.0 1.376099944114685 163.0 1.330515066E12 3090.971625408
25 10.643979432061315 43.66855018772185 0.0 0.0 1.376099944114685 162.0 1.330515067E12 3092.011331908
26 10.643989574164152 43.66853698622435 0.0 0.0 1.4386500120162964 159.0 1.330515068E12 3093.030603574
27 10.643998961895704 43.668522401712835 0.0 0.0 1.4386500120162964 157.0 1.330515069E12 3094.079302282
28 10.644013630226254 43.668505805544555 0.0 0.0 1.4386500120162964 153.0 1.33051507E12 3094.963686116
29 10.64403492026031 43.66849935147911 0.0 0.0 1.4386500120162964 151.0 1.330515072E12 3097.129047407
30 10.644049001857638 43.66848715581 0.0 0.0 1.5012000799179077 149.0 1.330515073E12 3097.971787033
31 10.644062580540776 43.66847521159798 0.0 0.0 1.5012000799179077 147.0 1.330515074E12 3099.046031574
32 10.644076326861978 43.66846339311451 0.0 0.0 1.4386500120162964 145.0 1.330515075E12 3100.048145282
33 10.644087390974164 43.66844939533621 0.0 0.0 1.5012000799179077 144.0 1.330515076E12 3101.075228407
34 10.644100550562143 43.6684379959479 0.0 0.0 1.4386500120162964 142.0 1.330515077E12 3101.976655116
35 10.644116224721074 43.66842835675925 0.0 0.0 1.4386500120162964 139.0 1.330515078E12 3103.059909741
36 10.644132737070322 43.66841943003237 0.0 0.0 1.5012000799179077 136.0 1.330515079E12 3103.978117657
37 10.644148411229253 43.66841096431017 0.0 0.0 1.4386500120162964 135.0 1.33051508E12 3105.005552616
38 10.644165175035596 43.6684023309499 0.0 0.0 1.4386500120162964 132.0 1.330515081E12 3106.028532157
39 10.644180346280336 43.668394703418016 0.0 0.0 1.4386500120162964 128.0 1.330515082E12 3107.056412616
40 10.644197193905711 43.66838707588613 0.0 0.0 1.4386500120162964 126.0 1.330515083E12 3107.991758949
41 10.644214879721403 43.66837969981134 0.0 0.0 1.4386500120162964 123.0 1.330515084E12 3108.994919157
42 10.644231894984841 43.668372156098485 0.0 0.0 1.4386500120162964 121.0 1.330515085E12 3110.030355574
43 10.644248658791184 43.66836515720934 0.0 0.0 1.4386500120162964 119.0 1.330515086E12 3111.087136741
44 10.644266596063972 43.66835572756827 0.0 0.0 1.5012000799179077 118.0 1.330515087E12 3112.081057074
45 10.644282940775156 43.66835350636393 0.0 0.0 1.5012000799179077 115.0 1.330515088E12 3112.964063699
46 10.64429878257215 43.668351829983294 0.0 0.0 1.3135499954223633 112.0 1.330515089E12 3113.996750991
47 10.644316552206874 43.66835099179298 0.0 0.0 1.376099944114685 108.0 1.33051509E12 3115.052052241
48 10.64433197490871 43.66834994405508 0.0 0.0 1.3135499954223633 106.0 1.330515091E12 3116.084485866
49 10.644349912181497 43.668347680941224 0.0 0.0 1.376099944114685 103.0 1.330515092E12 3117.026430449
50 10.644368017092347 43.66834508255124 0.0 0.0 1.3135499954223633 101.0 1.330515093E12 3118.007383658
51 10.644386792555451 43.66834307089448 0.0 0.0 1.3135499954223633 98.0 1.330515094E12 3119.059981366
52 10.644406741485 43.66834185551852 0.0 0.0 1.376099944114685 96.0 1.330515095E12 3120.059448824
53 10.64442828297615 43.668340598233044 0.0 0.0 1.5637500286102295 94.0 1.330515096E12 3121.052062658
54 10.644449573010206 43.66833976004273 0.0 0.0 1.4386500120162964 93.0 1.330515097E12 3121.956921908
55 10.64447320997715 43.66833883803338 0.0 0.0 1.6262999773025513 92.0 1.330515098E12 3122.974001282
56 10.644495757296681 43.668339173309505 0.0 0.0 1.5637500286102295 90.0 1.330515099E12 3124.018663282
57 10.644515957683325 43.6683394247666 0.0 0.0 1.6262999773025513 88.0 1.3305151E12 3125.073664699
58 10.644537499174476 43.668341101147234 0.0 0.0 1.5637500286102295 85.0 1.330515101E12 3125.967465116
59 10.644559375941753 43.668342903256416 0.0 0.0 1.6262999773025513 85.0 1.330515102E12 3127.018487157
60 10.64458116889 43.66834751330316 0.0 0.0 1.688849925994873 83.0 1.330515103E12 3128.063582616
61 10.644600866362453 43.66835178807378 0.0 0.0 1.5637500286102295 81.0 1.330515104E12 3129.422547908
62 10.644619474187493 43.66835652384907 0.0 0.0 1.5637500286102295 79.0 1.330515105E12 3129.936466241
63 10.644636573269963 43.66836180444807 0.0 0.0 1.4386500120162964 75.0 1.330515106E12 3131.039358074
64 10.644653923809528 43.66836976725608 0.0 0.0 1.5012000799179077 72.0 1.330515107E12 3132.082629991
65 10.644670771434903 43.668378526344895 0.0 0.0 1.5637500286102295 70.0 1.330515108E12 3132.960692741
66 10.644687870517373 43.66838741116226 0.0 0.0 1.5012000799179077 67.0 1.330515109E12 3133.981412033
67 10.644703796133399 43.668396840803325 0.0 0.0 1.5012000799179077 65.0 1.33051511E12 3135.000477533
68 10.64472340978682 43.66840723436326 0.0 0.0 1.5637500286102295 62.0 1.330515111E12 3136.085475616
69 10.644741598516703 43.66841775365174 0.0 0.0 1.5012000799179077 61.0 1.330515112E12 3136.953943949
70 10.644759200513363 43.66842885967344 0.0 0.0 1.5012000799179077 58.0 1.330515113E12 3138.003574907
71 10.644775545224547 43.66844017524272 0.0 0.0 1.5637500286102295 55.0 1.330515114E12 3138.997327616
72 10.644791135564446 43.66845123935491 0.0 0.0 1.5637500286102295 53.0 1.330515115E12 3140.044453782
73 10.644806558266282 43.66846335120499 0.0 0.0 1.5012000799179077 52.0 1.330515116E12 3141.054286199
74 10.644820975139737 43.66847688797861 0.0 0.0 1.5637500286102295 50.0 1.330515117E12 3141.972623991
75 10.644836062565446 43.668489418923855 0.0 0.0 1.5637500286102295 48.0 1.330515118E12 3142.992660366
76 10.644851233810186 43.66850006394088 0.0 0.0 1.4386500120162964 48.0 1.330515119E12 3143.994093491
77 10.644864477217197 43.66850878112018 0.0 0.0 1.3135499954223633 46.0 1.33051512E12 3145.037051408
78 10.644876463338733 43.668519174680114 0.0 0.0 1.4386500120162964 43.0 1.330515121E12 3145.968816157
79 10.644887695088983 43.66852885577828 0.0 0.0 1.376099944114685 42.0 1.330515122E12 3147.092978907
80 10.644897585734725 43.66853874642402 0.0 0.0 1.376099944114685 39.0 1.330515123E12 3147.965166033
81 10.644905883818865 43.66854876279831 0.0 0.0 1.3135499954223633 37.0 1.330515124E12 3149.018646032
82 10.644913678988814 43.66855944972485 0.0 0.0 1.3135499954223633 35.0 1.330515125E12 3150.008014907
83 10.644921390339732 43.668572986498475 0.0 0.0 1.5637500286102295 31.0 1.330515126E12 3151.025496574
84 10.644927257671952 43.66858216468245 0.0 0.0 1.2510000467300415 30.0 1.330515127E12 3152.071638699
85 10.644932957366109 43.66859389934689 0.0 0.0 1.5012000799179077 27.0 1.330515128E12 3152.971281366
86 10.644938237965107 43.66860492154956 0.0 0.0 1.5012000799179077 23.0 1.330515129E12 3154.010222366
87 10.644943602383137 43.668616698123515 0.0 0.0 1.5012000799179077 22.0 1.33051513E12 3155.037307491
88 10.64494913443923 43.66862818133086 0.0 0.0 1.5012000799179077 20.0 1.330515131E12 3156.061735908
89 10.644952906295657 43.66864113137126 0.0 0.0 1.5012000799179077 17.0 1.330515132E12 3156.976923033
90 10.644956678152084 43.668653117492795 0.0 0.0 1.5012000799179077 16.0 1.330515133E12 3158.061921658
91 10.644959779456258 43.66866539698094 0.0 0.0 1.4386500120162964 14.0 1.330515134E12 3159.050424491
92 10.64496187493205 43.66867784410715 0.0 0.0 1.5012000799179077 12.0 1.330515135E12 3160.081825158
93 10.644962880760431 43.668690542690456 0.0 0.0 1.4386500120162964 9.0 1.330515136E12 3160.949886907
94 10.644962377846241 43.66870433092117 0.0 0.0 1.5012000799179077 6.0 1.330515137E12 3161.982414449
95 10.644961120560765 43.66871589794755 0.0 0.0 1.4386500120162964 4.0 1.330515138E12 3163.015905991
96 10.644954415038228 43.66873316466808 0.0 0.0 1.4386500120162964 0.0 1.33051514E12 3164.959770949
97 10.64495206810534 43.66874242667109 0.0 0.0 1.4386500120162964 1.0 1.330515141E12 3165.966607908
98 10.644949804991484 43.66876132786274 0.0 0.0 1.4386500120162964 2.0 1.330515143E12 3168.100929824
99 10.644941758364439 43.66877758875489 0.0 0.0 1.376099944114685 1.0 1.330515146E12 3171.014285116
100 10.644937567412853 43.668793640099466 0.0 0.0 1.3135499954223633 1.0 1.330515148E12 3172.952134658
101 10.644937483593822 43.66880835033953 0.0 0.0 1.376099944114685 0.0 1.330515149E12 3173.979751532
102 10.644936980679631 43.668822180479765 0.0 0.0 1.3135499954223633 359.0 1.33051515E12 3175.015045033
103 10.644936729222536 43.66883630398661 0.0 0.0 1.376099944114685 359.0 1.330515151E12 3176.040891032
104 10.64493639394641 43.66884833201766 0.0 0.0 1.376099944114685 0.0 1.330515152E12 3177.047090949
105 10.644935136660933 43.668865682557225 0.0 0.0 1.4386500120162964 359.0 1.330515154E12 3179.061520074
106 10.644929353147745 43.668883200734854 0.0 0.0 1.4386500120162964 358.0 1.330515156E12 3181.017755157
107 10.644929185509682 43.66889577358961 0.0 0.0 1.4386500120162964 0.0 1.330515157E12 3182.029493241
108 10.64493203535676 43.668907969258726 0.0 0.0 1.3135499954223633 4.0 1.330515158E12 3183.046301074
109 10.6449334602803 43.668918488547206 0.0 0.0 1.376099944114685 3.0 1.330515159E12 3184.061769574
110 10.644934382289648 43.66892846301198 0.0 0.0 1.376099944114685 2.0 1.33051516E12 3184.964524657
111 10.64493890851736 43.66894640028477 0.0 0.0 1.376099944114685 2.0 1.330515162E12 3187.117021074
112 10.64494083635509 43.668957757763565 0.0 0.0 1.376099944114685 2.0 1.330515163E12 3188.066462699
113 10.644941087812185 43.668968779966235 0.0 0.0 1.376099944114685 1.0 1.330515164E12 3188.973791157
114 10.644942931830883 43.668979089707136 0.0 0.0 1.376099944114685 2.0 1.330515165E12 3189.999033199
115 10.644944692030549 43.66898822598159 0.0 0.0 1.376099944114685 3.0 1.330515166E12 3190.987554866
116 10.644946871325374 43.66899887099862 0.0 0.0 1.5012000799179077 2.0 1.330515167E12 3192.055815741
117 10.644948547706008 43.66900980938226 0.0 0.0 1.5012000799179077 2.0 1.330515168E12 3192.970472658
118 10.644950391724706 43.66902091540396 0.0 0.0 1.4386500120162964 2.0 1.330515169E12 3193.974362741
119 10.644951481372118 43.66903176996857 0.0 0.0 1.376099944114685 3.0 1.33051517E12 3194.994397699
120 10.644951816648245 43.66904312744737 0.0 0.0 1.376099944114685 2.0 1.330515171E12 3196.065020741
121 10.644949302077293 43.66905582603067 0.0 0.0 1.5012000799179077 2.0 1.330515172E12 3197.013682449
122 10.644947374239564 43.66906777024269 0.0 0.0 1.4386500120162964 1.0 1.330515173E12 3197.979912032
123 10.644941926002502 43.669080175459385 0.0 0.0 1.5637500286102295 357.0 1.330515174E12 3198.985319741
124 10.644937315955758 43.66909094620496 0.0 0.0 1.376099944114685 356.0 1.330515175E12 3200.026427408
125 10.644934214651585 43.66910280659795 0.0 0.0 1.376099944114685 355.0 1.330515176E12 3200.969677741
126 10.644932286813855 43.669114876538515 0.0 0.0 1.4386500120162964 356.0 1.330515177E12 3202.013923866
127 10.644928431138396 43.66913088597357 0.0 0.0 1.5637500286102295 355.0 1.330515178E12 3203.006066491
128 10.644928766414523 43.66914609912783 0.0 0.0 1.6262999773025513 358.0 1.330515179E12 3204.025054033
129 10.644929185509682 43.669159091077745 0.0 0.0 1.5012000799179077 359.0 1.33051518E12 3204.976795366
130 10.644927341490984 43.669171831570566 0.0 0.0 1.5637500286102295 356.0 1.330515181E12 3206.008886991
131 10.644923569634557 43.66918465588242 0.0 0.0 1.5637500286102295 355.0 1.330515182E12 3207.019810407
132 10.644925246015191 43.66919697728008 0.0 0.0 1.5637500286102295 359.0 1.330515183E12 3208.053465782
133 10.644928431138396 43.66920778993517 0.0 0.0 1.5012000799179077 6.0 1.330515184E12 3208.989809824
134 10.644930945709348 43.669218770228326 0.0 0.0 1.4386500120162964 13.0 1.330515185E12 3209.995834991
135 10.644927341490984 43.66923025343567 0.0 0.0 1.3135499954223633 13.0 1.330515186E12 3211.001981991
136 10.644917702302337 43.66924324538559 0.0 0.0 1.376099944114685 7.0 1.330515187E12 3212.060312199
137 10.644911918789148 43.66925606969744 0.0 0.0 1.4386500120162964 4.0 1.330515188E12 3212.962603241
138 10.644907979294658 43.66926730144769 0.0 0.0 1.376099944114685 3.0 1.330515189E12 3214.004379491
139 10.64490420743823 43.66927744355053 0.0 0.0 1.3135499954223633 3.0 1.33051519E12 3215.048842491
140 10.644896999001503 43.669286370277405 0.0 0.0 1.2510000467300415 359.0 1.330515191E12 3216.059026074
141 10.64488216303289 43.669293746352196 0.0 0.0 1.3135499954223633 349.0 1.330515192E12 3217.074272741
142 10.64487000927329 43.6693030083552 0.0 0.0 1.3135499954223633 343.0 1.330515193E12 3218.072930116
143 10.644864477217197 43.669314701110125 0.0 0.0 1.4386500120162964 346.0 1.330515194E12 3219.208146532
144 10.644856682047248 43.669325429946184 0.0 0.0 1.5012000799179077 346.0 1.330515195E12 3220.063946366
145 10.64484997652471 43.669334817677736 0.0 0.0 1.5012000799179077 346.0 1.330515196E12 3220.975012449
146 10.644844276830554 43.66935074329376 0.0 0.0 1.688849925994873 346.0 1.330515197E12 3222.037988074
147 10.644838409498334 43.669363651424646 0.0 0.0 1.6262999773025513 346.0 1.330515198E12 3222.968658616
148 10.644827848300338 43.66937417071313 0.0 0.0 1.2510000467300415 347.0 1.3305152E12 3224.987707824
149 10.644825249910355 43.669384103268385 0.0 0.0 1.3135499954223633 349.0 1.330515201E12 3226.038591574
150 10.644818879663944 43.669396634213626 0.0 0.0 1.3135499954223633 350.0 1.330515202E12 3227.150403324
151 10.644802870228887 43.669409793801606 0.0 0.0 1.4386500120162964 344.0 1.330515203E12 3227.978655449
152 10.644793650135398 43.669422660022974 0.0 0.0 1.688849925994873 340.0 1.330515204E12 3229.027235866
153 10.644780322909355 43.66943343076855 0.0 0.0 1.6262999773025513 337.0 1.330515205E12 3230.028488574
154 10.644761295989156 43.669444913975894 0.0 0.0 1.688849925994873 333.0 1.330515206E12 3231.079913116
155 10.644742185249925 43.66945631336421 0.0 0.0 1.688849925994873 329.0 1.330515207E12 3232.067925824
156 10.644723661243916 43.669465659186244 0.0 0.0 1.688849925994873 326.0 1.330515208E12 3232.983281032
157 10.644704047590494 43.66947265807539 0.0 0.0 1.5012000799179077 321.0 1.330515209E12 3234.100844866
158 10.644686110317707 43.669485063292086 0.0 0.0 1.5637500286102295 319.0 1.33051521E12 3235.008535157
159 10.644671693444252 43.66949595976621 0.0 0.0 1.5012000799179077 317.0 1.330515211E12 3236.112723199
160 10.644657108932734 43.66950664669275 0.0 0.0 1.5012000799179077 315.0 1.330515212E12 3237.018250824
161 10.644642440602183 43.669514819048345 0.0 0.0 1.6262999773025513 311.0 1.330515213E12 3237.980925241
162 10.644621988758445 43.66953103803098 0.0 0.0 1.5637500286102295 309.0 1.330515214E12 3238.975647199
163 10.644608912989497 43.669541724957526 0.0 0.0 1.5012000799179077 308.0 1.330515215E12 3240.005356407
164 10.644594663754106 43.669553543441 0.0 0.0 1.5012000799179077 306.0 1.330515216E12 3241.034884574
165 10.644580582156777 43.669564607553184 0.0 0.0 1.5012000799179077 306.0 1.330515217E12 3242.048675366
166 10.644566165283322 43.6695757554844 0.0 0.0 1.688849925994873 305.0 1.330515218E12 3243.083710741
167 10.644548144191504 43.66958338301629 0.0 0.0 1.5012000799179077 303.0 1.330515219E12 3244.034760157
168 10.644524926319718 43.66959658451378 0.0 0.0 1.5012000799179077 300.0 1.33051522E12 3245.098645991
169 10.644500954076648 43.66960735525936 0.0 0.0 1.5637500286102295 297.0 1.330515221E12 3245.984267032
170 10.644474048167467 43.66961837746203 0.0 0.0 1.5637500286102295 294.0 1.330515222E12 3247.004840116
171 10.64444781281054 43.66962663363665 0.0 0.0 1.688849925994873 290.0 1.330515223E12 3248.048568866
172 10.644423086196184 43.669632794335485 0.0 0.0 1.6262999773025513 288.0 1.330515224E12 3249.066685283
173 10.644398108124733 43.66963799111545 0.0 0.0 1.688849925994873 286.0 1.330515225E12 3250.080457116
174 10.644383942708373 43.66963878739625 0.0 0.0 1.6262999773025513 284.0 1.330515226E12 3251.009775407
175 10.644365418702364 43.669642601162195 0.0 0.0 1.7513999938964844 281.0 1.330515227E12 3252.034431824
176 10.644346307963133 43.66964976768941 0.0 0.0 1.6262999773025513 279.0 1.330515228E12 3253.066555949
177 10.644331891089678 43.66964976768941 0.0 0.0 1.376099944114685 275.0 1.330515229E12 3253.968834032
178 10.644311774522066 43.66964587010443 0.0 0.0 1.5012000799179077 272.0 1.33051523E12 3255.009759949
179 10.644289813935757 43.66964599583298 0.0 0.0 1.5637500286102295 270.0 1.330515231E12 3256.052163241
180 10.644266847521067 43.66964528337121 0.0 0.0 1.5012000799179077 268.0 1.330515232E12 3256.976536783
181 10.644242204725742 43.669642601162195 0.0 0.0 1.5637500286102295 266.0 1.330515233E12 3258.013267616
182 10.644215550273657 43.669637152925134 0.0 0.0 1.688849925994873 264.0 1.330515234E12 3259.039108157
183 10.64419417642057 43.669629441574216 0.0 0.0 1.5637500286102295 261.0 1.330515235E12 3260.037967282
184 10.644173137843609 43.66962219122797 0.0 0.0 1.6262999773025513 258.0 1.330515236E12 3261.080938907
185 10.644152518361807 43.6696148570627 0.0 0.0 1.5012000799179077 256.0 1.330515237E12 3261.978651199
186 10.644133910536766 43.66960844490677 0.0 0.0 1.5637500286102295 254.0 1.330515238E12 3263.003636866
187 10.644115973263979 43.669601529836655 0.0 0.0 1.5637500286102295 252.0 1.330515239E12 3264.013436032
188 10.644101472571492 43.66959603969008 0.0 0.0 1.4386500120162964 250.0 1.33051524E12 3265.051135366
189 10.64408470876515 43.66958849597722 0.0 0.0 1.5012000799179077 248.0 1.330515241E12 3266.064151324
190 10.64406811259687 43.669580994173884 0.0 0.0 1.5637500286102295 246.0 1.330515242E12 3266.995162241
191 10.644052773714066 43.66957382764667 0.0 0.0 1.5012000799179077 244.0 1.330515243E12 3268.080273033
192 10.644029388204217 43.669572486542165 0.0 0.0 1.4386500120162964 242.0 1.330515245E12 3270.064353491
193 10.644007259979844 43.66956938523799 0.0 0.0 1.4386500120162964 238.0 1.330515247E12 3272.003169074
194 10.643983203917742 43.66955756675452 0.0 0.0 1.376099944114685 232.0 1.330515249E12 3274.149481532
195 10.643971301615238 43.669547592289746 0.0 0.0 1.4386500120162964 230.0 1.33051525E12 3275.122562783
196 10.64395722001791 43.66953552234918 0.0 0.0 1.4386500120162964 228.0 1.330515251E12 3276.009860407
197 10.64393961802125 43.66952248848975 0.0 0.0 1.4386500120162964 226.0 1.330515252E12 3277.030216574
198 10.643923943862319 43.66950920317322 0.0 0.0 1.4386500120162964 224.0 1.330515253E12 3278.017101533
199 10.643909191712737 43.66949545685202 0.0 0.0 1.5012000799179077 222.0 1.330515254E12 3279.064711157
200 10.64389955252409 43.66948296781629 0.0 0.0 1.4386500120162964 220.0 1.330515255E12 3279.976202741
201 10.643887398764491 43.66946934722364 0.0 0.0 1.5637500286102295 218.0 1.330515256E12 3281.000683199
202 10.643874993547797 43.66944923065603 0.0 0.0 1.8139500617980957 216.0 1.330515257E12 3282.016428199
203 10.643868539482355 43.66942794062197 0.0 0.0 1.8139500617980957 212.0 1.330515258E12 3283.081341074
204 10.643864180892706 43.66940916515887 0.0 0.0 1.9390499591827393 208.0 1.330515259E12 3283.975910158
205 10.643859570845962 43.66939743049443 0.0 0.0 1.688849925994873 206.0 1.33051526E12 3284.990818657
206 10.64385261386633 43.66938343271613 0.0 0.0 1.5637500286102295 204.0 1.330515261E12 3286.034387491
207 10.643852949142456 43.66937400307506 0.0 0.0 1.4386500120162964 203.0 1.330515262E12 3287.112097866
208 10.643855631351471 43.66936474107206 0.0 0.0 1.4386500120162964 201.0 1.330515263E12 3287.972760407
209 10.643854541704059 43.66935464087874 0.0 0.0 1.3135499954223633 200.0 1.330515264E12 3288.993604324
210 10.643848674371839 43.669339176267385 0.0 0.0 1.4386500120162964 198.0 1.330515265E12 3290.067395574
211 10.643845656886697 43.669324424117804 0.0 0.0 1.4386500120162964 194.0 1.330515266E12 3291.071298699
212 10.643845070153475 43.669307911768556 0.0 0.0 1.4386500120162964 192.0 1.330515267E12 3292.124395449
213 10.643842052668333 43.66929491981864 0.0 0.0 1.4386500120162964 188.0 1.330515268E12 3292.986433033
214 10.643840124830604 43.66928205359727 0.0 0.0 1.5012000799179077 186.0 1.330515269E12 3294.020700991
215 10.643839789554477 43.6692691873759 0.0 0.0 1.5637500286102295 184.0 1.33051527E12 3295.066365074
216 10.64384046010673 43.66925690788776 0.0 0.0 1.5012000799179077 182.0 1.330515271E12 3296.082396908
217 10.643842807039618 43.669245298951864 0.0 0.0 1.5012000799179077 181.0 1.330515272E12 3297.005550533
218 10.643842052668333 43.66923176217824 0.0 0.0 1.5637500286102295 181.0 1.330515273E12 3298.031474616
219 10.643844064325094 43.66921780630946 0.0 0.0 1.5012000799179077 179.0 1.330515274E12 3298.980984533
220 10.64384875819087 43.6692044371739 0.0 0.0 1.5012000799179077 178.0 1.330515275E12 3299.986314283
221 10.643853200599551 43.66919249296188 0.0 0.0 1.5012000799179077 177.0 1.330515276E12 3301.012096408
222 10.643857475370169 43.66918008774519 0.0 0.0 1.5012000799179077 178.0 1.330515277E12 3302.062846032
223 10.6438609957695 43.669168311171234 0.0 0.0 1.5012000799179077 178.0 1.330515278E12 3303.072265408
224 10.64386485144496 43.66915754042566 0.0 0.0 1.5012000799179077 177.0 1.330515279E12 3303.988657657
225 10.64386778511107 43.669144632294774 0.0 0.0 1.5012000799179077 176.0 1.33051528E12 3305.028949491
226 10.643869042396545 43.66913088597357 0.0 0.0 1.5637500286102295 176.0 1.330515281E12 3306.091783908
227 10.643870886415243 43.66911948658526 0.0 0.0 1.376099944114685 176.0 1.330515282E12 3306.978626532
228 10.64387222751975 43.66910322569311 0.0 0.0 1.1259000301361084 179.0 1.330515284E12 3309.129022282
229 10.643874406814575 43.66909086238593 0.0 0.0 1.376099944114685 177.0 1.330515285E12 3310.066250116
230 10.643877508118749 43.669079965911806 0.0 0.0 1.4386500120162964 177.0 1.330515286E12 3310.987790449
231 10.643880190327764 43.66906839888543 0.0 0.0 1.4386500120162964 177.0 1.330515287E12 3311.976107699
232 10.64388295635581 43.66905637085438 0.0 0.0 1.4386500120162964 177.0 1.330515288E12 3312.984027407
233 10.643894104287028 43.669045264832675 0.0 0.0 1.4386500120162964 179.0 1.33051529E12 3315.149216782
234 10.643904162570834 43.66903378162533 0.0 0.0 1.4386500120162964 178.0 1.330515292E12 3317.045885866
235 10.643915478140116 43.669019155204296 0.0 0.0 1.4386500120162964 177.0 1.330515294E12 3318.987540366
236 10.6439215131104 43.66901094093919 0.0 0.0 1.5012000799179077 176.0 1.330515295E12 3320.025444199
237 10.643926039338112 43.669001469388604 0.0 0.0 1.5637500286102295 176.0 1.330515296E12 3320.999336282
238 10.643930062651634 43.66899183019996 0.0 0.0 1.4386500120162964 176.0 1.330515297E12 3321.999401407
239 10.643930984660983 43.668982232920825 0.0 0.0 1.4386500120162964 176.0 1.330515298E12 3323.024722366
240 10.64393324777484 43.66897204890847 0.0 0.0 1.5637500286102295 178.0 1.330515299E12 3324.061964699
241 10.643938779830933 43.668961487710476 0.0 0.0 1.5012000799179077 176.0 1.3305153E12 3324.984952199
242 10.643943138420582 43.6689515132457 0.0 0.0 1.5012000799179077 175.0 1.330515301E12 3326.044298116
243 10.643940288573503 43.66894179023802 0.0 0.0 1.376099944114685 175.0 1.330515302E12 3327.039001782
244 10.64393769018352 43.66893148049712 0.0 0.0 1.376099944114685 177.0 1.330515303E12 3328.087919241
245 10.643932661041617 43.66891643498093 0.0 0.0 1.4386500120162964 178.0 1.330515304E12 3328.994599824
246 10.643929811194539 43.66890226956457 0.0 0.0 1.376099944114685 179.0 1.330515305E12 3330.017888699
247 10.643923357129097 43.66888043470681 0.0 0.0 1.376099944114685 179.0 1.330515307E12 3331.984805532
248 10.643922267481685 43.668866395018995 0.0 0.0 1.376099944114685 179.0 1.330515308E12 3333.043213241
249 10.643919669091702 43.66885277442634 0.0 0.0 1.376099944114685 179.0 1.330515309E12 3334.093813324
250 10.643921010196209 43.668841416947544 0.0 0.0 1.376099944114685 179.0 1.33051531E12 3334.989367324
251 10.643921596929431 43.668829472735524 0.0 0.0 1.376099944114685 178.0 1.330515311E12 3335.981158449
252 10.643924279138446 43.66881790570915 0.0 0.0 1.376099944114685 178.0 1.330515312E12 3337.005065324
253 10.643927464261651 43.668806506320834 0.0 0.0 1.3135499954223633 179.0 1.330515313E12 3338.032894282
254 10.643930397927761 43.66879573557526 0.0 0.0 1.376099944114685 179.0 1.330515314E12 3339.061973324
255 10.643931906670332 43.66878379136324 0.0 0.0 1.376099944114685 181.0 1.330515315E12 3340.082823574
256 10.6439318228513 43.668772391974926 0.0 0.0 1.2510000467300415 181.0 1.330515316E12 3340.983311157
257 10.643931571394205 43.66876053158194 0.0 0.0 1.3135499954223633 181.0 1.330515317E12 3342.007812157
258 10.64392788335681 43.66874703671783 0.0 0.0 1.2510000467300415 181.0 1.330515318E12 3343.065476741
259 10.643928134813905 43.66875663399696 0.0 0.0 0.0 183.0 1.330515319E12 3343.971647283
260 10.64392696134746 43.6687469528988 0.0 0.0 0.37530001997947693 184.0 1.330515321E12 3346.076996491
261 10.64393031410873 43.66872503422201 0.0 0.0 1.063349962234497 189.0 1.330515323E12 3348.037759574
262 10.64393567852676 43.66871053352952 0.0 0.0 1.1884499788284302 185.0 1.330515324E12 3348.979924282
