3 10.643798215314746 43.66871329955757 0.0 0.0 0.06255000084638596 305.0 1.33051225E12 281.131892002
4 10.643798802047968 43.668703995645046 0.0 0.0 0.37530001997947693 265.0 1.330512254E12 285.181658002
5 10.643806848675013 43.66871187463403 0.0 0.0 0.37530001997947693 5.0 1.330512258E12 289.143385335
6 10.643798550590873 43.668724154122174 0.0 0.0 0.8756999969482422 127.0 1.330512266E12 296.792912002
7 10.643798969686031 43.66870630066842 0.0 0.0 1.1259000301361084 154.0 1.330512268E12 298.689845794
8 10.64379989169538 43.668689327314496 0.0 0.0 1.0008000135421753 166.0 1.33051227E12 300.818563627
9 10.643803663551807 43.668672647327185 0.0 0.0 0.9382500052452087 171.0 1.330512272E12 302.726986919
10 10.643805926665664 43.668654542416334 0.0 0.0 1.063349962234497 174.0 1.330512274E12 304.70613821
11 10.643805172294378 43.6686449451372 0.0 0.0 1.063349962234497 175.0 1.330512275E12 305.767597377
12 10.643805339932442 43.668635305948555 0.0 0.0 1.1259000301361084 173.0 1.330512276E12 306.732144294
13 10.643807770684361 43.66862562485039 0.0 0.0 1.063349962234497 172.0 1.330512277E12 307.848512252
14 10.643810201436281 43.66860823240131 0.0 0.0 1.0008000135421753 173.0 1.330512279E12 309.80309796
15 10.643813721835613 43.66859063040465 0.0 0.0 1.0008000135421753 170.0 1.330512281E12 311.757799544
16 10.643816739320755 43.66858174558729 0.0 0.0 1.0008000135421753 169.0 1.330512282E12 312.829146252
17 10.643820259720087 43.66857265122235 0.0 0.0 1.1259000301361084 168.0 1.330512283E12 313.774156877
18 10.643824366852641 43.66856284439564 0.0 0.0 1.1259000301361084 166.0 1.330512284E12 314.684251544
19 10.643828893080354 43.66855320520699 0.0 0.0 1.1259000301361084 164.0 1.330512285E12 315.692712044
20 10.64383358694613 43.668543649837375 0.0 0.0 1.1259000301361084 163.0 1.330512286E12 316.708681669
21 10.643838280811906 43.668534932658076 0.0 0.0 0.9382500052452087 161.0 1.330512287E12 317.787137002
22 10.643844148144126 43.66852667648345 0.0 0.0 1.1259000301361084 158.0 1.330512288E12 318.70115396
23 10.643851272761822 43.66851716302335 0.0 0.0 1.1884499788284302 156.0 1.330512289E12 319.698918794
24 10.643858565017581 43.66850735619664 0.0 0.0 1.1884499788284302 154.0 1.33051229E12 320.759418002
25 10.643865773454309 43.66849759127945 0.0 0.0 1.2510000467300415 154.0 1.330512291E12 321.680116335
26 10.643873484805226 43.66848807781935 0.0 0.0 1.1884499788284302 152.0 1.330512292E12 322.689236335
27 10.64388245344162 43.66847915109247 0.0 0.0 1.1884499788284302 149.0 1.330512293E12 323.703501294
28 10.643890164792538 43.668471314013004 0.0 0.0 1.1884499788284302 147.0 1.330512294E12 324.789532419
29 10.643898881971836 43.66846343502402 0.0 0.0 1.1259000301361084 145.0 1.330512295E12 325.691394544
30 10.64390692859888 43.66845656186342 0.0 0.0 1.063349962234497 143.0 1.330512296E12 326.703421169
31 10.643923273310065 43.66844323463738 0.0 0.0 1.063349962234497 140.0 1.330512298E12 328.745909377
32 10.643932661041617 43.668436403386295 0.0 0.0 1.1259000301361084 138.0 1.330512299E12 329.825786502
33 10.643942467868328 43.66842948831618 0.0 0.0 1.1259000301361084 137.0 1.3305123E12 330.70324171
34 10.643952609971166 43.66842265706509 0.0 0.0 1.1259000301361084 136.0 1.330512301E12 331.714768294
35 10.643963171169162 43.66841649636626 0.0 0.0 1.1259000301361084 134.0 1.330512302E12 332.756301835
36 10.643973397091031 43.668410503305495 0.0 0.0 1.1259000301361084 132.0 1.330512303E12 333.781758127
37 10.643984712660313 43.66840467788279 0.0 0.0 1.1259000301361084 131.0 1.330512304E12 334.69208546
38 10.643997453153133 43.66839822381735 0.0 0.0 1.1884499788284302 130.0 1.330512305E12 335.698049794
39 10.644007679075003 43.668392901308835 0.0 0.0 1.1259000301361084 128.0 1.330512306E12 336.69339121
40 10.644018994644284 43.66838808171451 0.0 0.0 1.063349962234497 126.0 1.330512307E12 337.793224377
41 10.644031399860978 43.66838271729648 0.0 0.0 1.1884499788284302 125.0 1.330512308E12 338.687502335
42 10.64404321834445 43.668377520516515 0.0 0.0 1.1259000301361084 124.0 1.330512309E12 339.694140044
43 10.644055288285017 43.668372575193644 0.0 0.0 1.1259000301361084 122.0 1.33051231E12 340.748178419
44 10.64406618475914 43.668367001228034 0.0 0.0 1.1884499788284302 123.0 1.330512311E12 341.77452621
45 10.644078506156802 43.66836218163371 0.0 0.0 1.1259000301361084 120.0 1.330512312E12 342.774218585
46 10.64409107901156 43.66835761349648 0.0 0.0 1.1884499788284302 120.0 1.330512313E12 343.694100419
47 10.644103735685349 43.66835296154022 0.0 0.0 1.1259000301361084 119.0 1.330512314E12 344.72824146
48 10.644117314368486 43.66834885440767 0.0 0.0 1.1884499788284302 117.0 1.330512315E12 345.717355628
49 10.644130054861307 43.66834420245141 0.0 0.0 1.1884499788284302 117.0 1.330512316E12 346.739194669
50 10.644142962992191 43.668340598233044 0.0 0.0 1.1259000301361084 115.0 1.330512317E12 347.802492919
51 10.64415612258017 43.66833829320967 0.0 0.0 1.1259000301361084 110.0 1.330512318E12 348.691613795
52 10.644170539453626 43.66833649110049 0.0 0.0 1.1884499788284302 108.0 1.330512319E12 349.724707669
53 10.644184369593859 43.66833426989615 0.0 0.0 1.1259000301361084 107.0 1.33051232E12 350.763055378
54 10.64419861882925 43.66833200678229 0.0 0.0 1.1884499788284302 106.0 1.330512321E12 351.776531045
55 10.644214879721403 43.66832961793989 0.0 0.0 1.2510000467300415 104.0 1.330512322E12 352.695696169
56 10.644229296594858 43.668328444473445 0.0 0.0 1.1259000301361084 102.0 1.330512323E12 353.733637336
57 10.644243294373155 43.66832789964974 0.0 0.0 1.1259000301361084 99.0 1.330512324E12 354.72610417
58 10.644257878884673 43.66832810919732 0.0 0.0 1.1884499788284302 96.0 1.330512325E12 355.751484795
59 10.644272714853287 43.66832857020199 0.0 0.0 1.1259000301361084 94.0 1.330512326E12 356.687155128
60 10.644287299364805 43.66832924075425 0.0 0.0 1.1259000301361084 92.0 1.330512327E12 357.701297211
61 10.644301045686007 43.668331378139555 0.0 0.0 1.063349962234497 90.0 1.330512328E12 358.729691753
62 10.644316216930747 43.66833091713488 0.0 0.0 1.1884499788284302 91.0 1.330512329E12 359.727688669
63 10.644330969080329 43.66833183914423 0.0 0.0 1.1884499788284302 90.0 1.33051233E12 360.829903461
64 10.644345888867974 43.66833506617695 0.0 0.0 1.2510000467300415 86.0 1.330512331E12 361.676872503
65 10.64436080865562 43.66833787411451 0.0 0.0 1.1884499788284302 83.0 1.330512332E12 362.728827878
66 10.644375057891011 43.66834084969014 0.0 0.0 1.1884499788284302 81.0 1.330512333E12 363.705066753
67 10.644389977678657 43.66834328044206 0.0 0.0 1.2510000467300415 80.0 1.330512334E12 364.731863295
68 10.644405232742429 43.66834516637027 0.0 0.0 1.2510000467300415 81.0 1.330512335E12 365.735387086
69 10.644421158358455 43.668346256017685 0.0 0.0 1.2510000467300415 83.0 1.330512336E12 366.761994086
70 10.644437167793512 43.668347764760256 0.0 0.0 1.2510000467300415 82.0 1.330512337E12 367.689423336
71 10.644451836124063 43.66835044696927 0.0 0.0 1.1259000301361084 80.0 1.330512338E12 368.768064294
72 10.64446390606463 43.6683550151065 0.0 0.0 1.0008000135421753 75.0 1.330512339E12 369.727341169
73 10.64447513781488 43.66835979279131 0.0 0.0 1.0008000135421753 72.0 1.33051234E12 370.775188878
74 10.644486621022224 43.66836511529982 0.0 0.0 1.063349962234497 70.0 1.330512341E12 371.787160504
75 10.644499529153109 43.6683687614277 0.0 0.0 1.063349962234497 69.0 1.330512342E12 372.790436379
76 10.644511934369802 43.668373078107834 0.0 0.0 1.1259000301361084 67.0 1.330512343E12 373.711717379
77 10.644524758681655 43.66837819106877 0.0 0.0 1.1259000301361084 65.0 1.330512344E12 374.707518379
78 10.644537415355444 43.668383387848735 0.0 0.0 1.1259000301361084 63.0 1.330512345E12 375.752072462
79 10.644549066200852 43.66838971618563 0.0 0.0 1.1259000301361084 62.0 1.330512346E12 376.703946003
80 10.644560381770134 43.668395918793976 0.0 0.0 1.063349962234497 62.0 1.330512347E12 377.75947142
81 10.644572535529733 43.66840040311217 0.0 0.0 1.063349962234497 63.0 1.330512348E12 378.713965045
82 10.644584018737078 43.6684057675302 0.0 0.0 1.063349962234497 59.0 1.330512349E12 379.69730817
83 10.644593741744757 43.668411802500486 0.0 0.0 0.9382500052452087 56.0 1.33051235E12 380.70634442
84 10.644603045657277 43.668418885208666 0.0 0.0 1.0008000135421753 55.0 1.330512351E12 381.737994628
85 10.644613271579146 43.66842630319297 0.0 0.0 1.063349962234497 54.0 1.330512352E12 382.833170045
86 10.644623665139079 43.668433679267764 0.0 0.0 1.063349962234497 53.0 1.330512353E12 383.71157167
87 10.644634729251266 43.66844097152352 0.0 0.0 1.1259000301361084 52.0 1.330512354E12 384.70983892
88 10.644644955173135 43.66844809614122 0.0 0.0 1.1259000301361084 50.0 1.330512355E12 385.700167421
89 10.644655181095004 43.66845660377294 0.0 0.0 1.1259000301361084 47.0 1.330512356E12 386.721055086
90 10.64466180279851 43.66846687160432 0.0 0.0 1.063349962234497 44.0 1.330512357E12 387.779765878
91 10.644667586311698 43.668476259335876 0.0 0.0 1.0008000135421753 40.0 1.330512358E12 388.712127045
92 10.64468527212739 43.66848761681467 0.0 0.0 1.063349962234497 38.0 1.33051236E12 390.724410211
93 10.64469407312572 43.66849495097995 0.0 0.0 1.063349962234497 38.0 1.330512361E12 391.78694542
94 10.644701030105352 43.6685035424307 0.0 0.0 1.0008000135421753 37.0 1.330512362E12 392.723512128
95 10.64470530487597 43.66851246915758 0.0 0.0 0.9382500052452087 34.0 1.330512363E12 393.702324461
96 10.644709495827556 43.668521186336875 0.0 0.0 1.0008000135421753 31.0 1.330512364E12 394.76691842
97 10.644712345674634 43.66853074170649 0.0 0.0 1.0008000135421753 25.0 1.330512365E12 395.779003669
98 10.644717374816537 43.66854025516659 0.0 0.0 1.1259000301361084 24.0 1.330512366E12 396.702680669
99 10.644724667072296 43.66855060681701 0.0 0.0 1.1884499788284302 23.0 1.330512367E12 397.733274378
100 10.64473120495677 43.66856112610549 0.0 0.0 1.2510000467300415 22.0 1.330512368E12 398.783382544
101 10.644738245755434 43.668570052832365 0.0 0.0 1.1259000301361084 21.0 1.330512369E12 399.688776586
102 10.644749728962779 43.6685846792534 0.0 0.0 1.063349962234497 18.0 1.330512371E12 401.777160128
103 10.644754255190492 43.66859436035156 0.0 0.0 1.1259000301361084 16.0 1.330512372E12 402.752688919
104 10.64475760795176 43.66860399954021 0.0 0.0 1.063349962234497 15.0 1.330512373E12 403.759349294
105 10.644759954884648 43.66861435119063 0.0 0.0 1.063349962234497 15.0 1.330512374E12 404.776996628
106 10.644762804731727 43.668624283745885 0.0 0.0 1.0008000135421753 16.0 1.330512375E12 405.715959461
107 10.644764313474298 43.66863606031984 0.0 0.0 1.2510000467300415 12.0 1.330512376E12 406.770961836
108 10.644765235483646 43.66864829789847 0.0 0.0 1.2510000467300415 9.0 1.330512377E12 407.769390461
109 10.6447659060359 43.66865986492485 0.0 0.0 1.2510000467300415 6.0 1.330512378E12 408.831202752
110 10.644767247140408 43.66867013275623 0.0 0.0 1.1884499788284302 6.0 1.330512379E12 409.709778627
111 10.644768755882978 43.66868241224438 0.0 0.0 1.1884499788284302 6.0 1.33051238E12 410.72203646
112 10.644769510254264 43.668694104999304 0.0 0.0 1.1884499788284302 4.0 1.330512381E12 411.711568919
113 10.644769258797169 43.66870449855924 0.0 0.0 1.1259000301361084 3.0 1.330512382E12 412.78122296
114 10.644767163321376 43.66871669422835 0.0 0.0 0.9382500052452087 2.0 1.330512383E12 413.70744371
115 10.64476691186428 43.66872746497393 0.0 0.0 0.9382500052452087 3.0 1.330512384E12 414.705503419
116 10.64476783387363 43.668736685067415 0.0 0.0 1.063349962234497 1.0 1.330512385E12 415.747403377
117 10.644769929349422 43.66875525098294 0.0 0.0 1.1259000301361084 2.0 1.330512387E12 417.693659585
118 10.644769677892327 43.668765015900135 0.0 0.0 1.063349962234497 2.0 1.330512388E12 418.71204196
119 10.644769174978137 43.668775032274425 0.0 0.0 1.1259000301361084 1.0 1.330512389E12 419.805755335
120 10.644769594073296 43.66878488101065 0.0 0.0 1.063349962234497 1.0 1.33051239E12 420.709385502
121 10.64476984553039 43.668794059194624 0.0 0.0 1.0008000135421753 0.0 1.330512391E12 421.712335335
122 10.64476833678782 43.668804285116494 0.0 0.0 1.1884499788284302 359.0 1.330512392E12 422.735431627
123 10.644767750054598 43.66881396621466 0.0 0.0 1.1259000301361084 359.0 1.330512393E12 423.724302085
124 10.644767666235566 43.668823898769915 0.0 0.0 1.063349962234497 359.0 1.330512394E12 424.73298396
125 10.644766492769122 43.6688410397619 0.0 0.0 1.0008000135421753 358.0 1.330512396E12 426.714942044
126 10.644764732569456 43.66885994095355 0.0 0.0 1.0008000135421753 359.0 1.330512398E12 428.693555169
127 10.644763391464949 43.66887066978961 0.0 0.0 1.1259000301361084 0.0 1.330512399E12 429.767197377
128 10.644763140007854 43.66888060234487 0.0 0.0 1.1259000301361084 0.0 1.3305124E12 430.757777877
129 10.644763140007854 43.6688904510811 0.0 0.0 1.063349962234497 0.0 1.330512401E12 431.797104794
130 10.644762553274632 43.668899880722165 0.0 0.0 1.063349962234497 358.0 1.330512402E12 432.69051646
131 10.644759284332395 43.66891823709011 0.0 0.0 1.063349962234497 358.0 1.330512404E12 434.691941044
132 10.644757356494665 43.66892812773585 0.0 0.0 1.063349962234497 357.0 1.330512405E12 435.710702919
133 10.644755931571126 43.668938940390944 0.0 0.0 1.063349962234497 357.0 1.330512406E12 436.723537669
134 10.644755261018872 43.6689491244033 0.0 0.0 1.063349962234497 358.0 1.330512407E12 437.760711794
135 10.64475467428565 43.66895985323936 0.0 0.0 1.063349962234497 358.0 1.330512408E12 438.805708502
136 10.644753584638238 43.66897037252784 0.0 0.0 1.1259000301361084 358.0 1.330512409E12 439.790006335
137 10.64475316554308 43.66898055654019 0.0 0.0 1.063349962234497 359.0 1.33051241E12 440.704572294
138 10.644752914085984 43.668999248184264 0.0 0.0 1.063349962234497 0.0 1.330512412E12 442.727529335
139 10.644750483334064 43.66901953238994 0.0 0.0 1.063349962234497 0.0 1.330512414E12 444.680442627
140 10.644747549667954 43.669030093587935 0.0 0.0 1.063349962234497 357.0 1.330512415E12 445.734382752
141 10.644746208563447 43.669039816595614 0.0 0.0 1.063349962234497 357.0 1.330512416E12 446.77743171
142 10.64474537037313 43.669050922617316 0.0 0.0 1.1259000301361084 358.0 1.330512417E12 447.790716335
143 10.644745286554098 43.669061148539186 0.0 0.0 1.0008000135421753 358.0 1.330512418E12 448.704930877
144 10.644745454192162 43.6690717516467 0.0 0.0 1.1259000301361084 359.0 1.330512419E12 449.714733502
145 10.644744783639908 43.66908130701631 0.0 0.0 1.063349962234497 359.0 1.33051242E12 450.762309502
146 10.644744280725718 43.669090401381254 0.0 0.0 1.0008000135421753 359.0 1.330512421E12 451.754055502
147 10.644742520526052 43.669099998660386 0.0 0.0 1.063349962234497 358.0 1.330512422E12 452.783587002
148 10.644741598516703 43.66910926066339 0.0 0.0 0.9382500052452087 358.0 1.330512423E12 453.700412377
149 10.644741682335734 43.66911969613284 0.0 0.0 1.1259000301361084 358.0 1.330512424E12 454.703585335
150 10.64474143087864 43.66913021542132 0.0 0.0 1.1259000301361084 359.0 1.330512425E12 455.793291835
151 10.644742101430893 43.66914140526205 0.0 0.0 1.1884499788284302 359.0 1.330512426E12 456.801185794
152 10.6447434425354 43.66915205027908 0.0 0.0 1.063349962234497 359.0 1.330512427E12 457.70451971
153 10.644744280725718 43.66916147992015 0.0 0.0 1.0008000135421753 1.0 1.330512428E12 458.722871335
154 10.644745118916035 43.66917966865003 0.0 0.0 1.063349962234497 1.0 1.33051243E12 460.682127502
155 10.644747214391828 43.66919660009444 0.0 0.0 1.0008000135421753 0.0 1.330512432E12 462.826698585
156 10.64474637620151 43.66921457927674 0.0 0.0 1.1259000301361084 358.0 1.330512434E12 464.69688396
157 10.64474587328732 43.66922631394118 0.0 0.0 1.2510000467300415 358.0 1.330512435E12 465.709002419
158 10.644746292382479 43.66923767141998 0.0 0.0 1.1259000301361084 359.0 1.330512436E12 466.771981127
159 10.644744699820876 43.66924911271781 0.0 0.0 1.0008000135421753 0.0 1.330512437E12 467.700786252
160 10.644745035097003 43.66925971582532 0.0 0.0 1.063349962234497 2.0 1.330512438E12 468.714821919
161 10.644745957106352 43.669270277023315 0.0 0.0 1.063349962234497 3.0 1.330512439E12 469.737708335
162 10.644746124744415 43.66928083822131 0.0 0.0 1.063349962234497 2.0 1.33051244E12 470.758372835
163 10.64474587328732 43.66929077077657 0.0 0.0 1.0008000135421753 2.0 1.330512441E12 471.688040794
164 10.644746040925384 43.66930020041764 0.0 0.0 1.063349962234497 2.0 1.330512442E12 472.724210044
165 10.644745454192162 43.66931017488241 0.0 0.0 1.0008000135421753 1.0 1.330512443E12 473.724185377
166 10.644745286554098 43.66931977216154 0.0 0.0 1.0008000135421753 2.0 1.330512444E12 474.741295794
167 10.644745957106352 43.66932983044535 0.0 0.0 1.1259000301361084 2.0 1.330512445E12 475.77179246
168 10.644744616001844 43.66934135556221 0.0 0.0 1.1259000301361084 0.0 1.330512446E12 476.700626919
169 10.644741849973798 43.669354054145515 0.0 0.0 1.3135499954223633 357.0 1.330512447E12 477.74289921
170 10.644741095602512 43.669364866800606 0.0 0.0 1.063349962234497 358.0 1.330512448E12 478.784686835
171 10.64474050886929 43.669375008903444 0.0 0.0 1.0008000135421753 358.0 1.330512449E12 479.741948419
172 10.644739670678973 43.66938548628241 0.0 0.0 1.1259000301361084 358.0 1.33051245E12 480.720468752
173 10.644738664850593 43.669395837932825 0.0 0.0 1.0008000135421753 357.0 1.330512451E12 481.754043544
174 10.644738161936402 43.669406147673726 0.0 0.0 1.0008000135421753 358.0 1.330512452E12 482.763946377
175 10.644738329574466 43.66941683460027 0.0 0.0 1.0008000135421753 0.0 1.330512453E12 483.739960752
176 10.644739335402846 43.669426306150854 0.0 0.0 0.9382500052452087 2.0 1.330512454E12 484.77686121
177 10.644739419221878 43.66943653207272 0.0 0.0 1.063349962234497 1.0 1.330512455E12 485.796813544
178 10.644738245755434 43.66944776382297 0.0 0.0 1.1259000301361084 0.0 1.330512456E12 486.714808669
179 10.644737407565117 43.66945891175419 0.0 0.0 1.063349962234497 359.0 1.330512457E12 487.74728096
180 10.644736150279641 43.66947001777589 0.0 0.0 1.063349962234497 358.0 1.330512458E12 488.777925585
181 10.644733384251595 43.66948070470244 0.0 0.0 1.0008000135421753 355.0 1.330512459E12 489.717082627
182 10.644730282947421 43.6694911820814 0.0 0.0 1.1884499788284302 352.0 1.33051246E12 490.70047296
183 10.644725421443582 43.669503587298095 0.0 0.0 1.063349962234497 349.0 1.330512461E12 491.774881919
184 10.644720895215869 43.66951439995319 0.0 0.0 1.1259000301361084 350.0 1.330512462E12 492.724874544
185 10.644716955721378 43.669525128789246 0.0 0.0 1.0008000135421753 349.0 1.330512463E12 493.739800085
186 10.644712764769793 43.66953439079225 0.0 0.0 1.0008000135421753 347.0 1.330512464E12 494.766079752
187 10.6447072327137 43.66954478435218 0.0 0.0 1.1259000301361084 344.0 1.330512465E12 495.785941169
188 10.644700611010194 43.669554884545505 0.0 0.0 1.1259000301361084 341.0 1.330512466E12 496.706724627
189 10.644694156944752 43.669564607553184 0.0 0.0 1.1259000301361084 340.0 1.330512467E12 497.735670002
190 10.6446882057935 43.669574707746506 0.0 0.0 1.1884499788284302 340.0 1.330512468E12 498.72205571
191 10.644681584089994 43.66958476603031 0.0 0.0 1.1884499788284302 338.0 1.330512469E12 499.746824127
192 10.644673788920045 43.66959419567138 0.0 0.0 1.1884499788284302 335.0 1.33051247E12 500.754311044
193 10.644665155559778 43.669603038579226 0.0 0.0 1.1259000301361084 333.0 1.330512471E12 501.691229585
194 10.644657192751765 43.66961200721562 0.0 0.0 1.063349962234497 333.0 1.330512472E12 502.73791046
195 10.644649397581816 43.669619928114116 0.0 0.0 1.063349962234497 331.0 1.330512473E12 503.687038169
196 10.644641099497676 43.669628142379224 0.0 0.0 1.1259000301361084 329.0 1.330512474E12 504.71059696
197 10.644632130861282 43.669636230915785 0.0 0.0 1.1259000301361084 326.0 1.330512475E12 505.742350794
198 10.644622826948762 43.66964373271912 0.0 0.0 1.1259000301361084 325.0 1.330512476E12 506.759510502
199 10.644613690674305 43.669651821255684 0.0 0.0 1.1259000301361084 324.0 1.330512477E12 507.793241752
200 10.644604219123721 43.6696595326066 0.0 0.0 1.1259000301361084 323.0 1.330512478E12 508.721033294
201 10.644593825563788 43.66966741159558 0.0 0.0 1.1259000301361084 321.0 1.330512479E12 509.772090752
202 10.644583012908697 43.6696743266657 0.0 0.0 1.1259000301361084 319.0 1.33051248E12 510.774447002
203 10.644571529701352 43.66968069691211 0.0 0.0 1.1259000301361084 316.0 1.330512481E12 511.793951544
204 10.644559795036912 43.669687025249004 0.0 0.0 1.1259000301361084 314.0 1.330512482E12 512.762225669
205 10.644548060372472 43.66969331167638 0.0 0.0 1.1259000301361084 312.0 1.330512483E12 513.686444794
206 10.644535571336746 43.66969922091812 0.0 0.0 1.1259000301361084 310.0 1.330512484E12 514.683872252
207 10.644522244110703 43.66970458533615 0.0 0.0 1.1259000301361084 307.0 1.330512485E12 515.737230544
208 10.644509084522724 43.66971003357321 0.0 0.0 1.1259000301361084 305.0 1.330512486E12 516.802441002
209 10.644496427848935 43.669715858995914 0.0 0.0 1.1259000301361084 305.0 1.330512487E12 517.719952502
210 10.644483268260956 43.66972126532346 0.0 0.0 1.063349962234497 304.0 1.330512488E12 518.728018002
211 10.644469941034913 43.66972579155117 0.0 0.0 1.063349962234497 301.0 1.330512489E12 519.773159669
212 10.644457032904029 43.66972918622196 0.0 0.0 1.0008000135421753 297.0 1.33051249E12 520.775699044
213 10.64444093964994 43.669731952250004 0.0 0.0 1.1259000301361084 294.0 1.330512491E12 521.693962502
214 10.644428450614214 43.66973584983498 0.0 0.0 0.9382500052452087 297.0 1.330512492E12 522.721812919
215 10.64441554248333 43.66973920259625 0.0 0.0 1.0008000135421753 296.0 1.330512493E12 523.72770546
216 10.644403053447604 43.669741842895746 0.0 0.0 1.0008000135421753 295.0 1.330512494E12 524.793265419
217 10.644389307126403 43.66974607575685 0.0 0.0 1.1259000301361084 295.0 1.330512495E12 525.76731096
218 10.64437354914844 43.66975093726069 0.0 0.0 1.2510000467300415 294.0 1.330512496E12 526.829049835
219 10.644358964636922 43.66975588258356 0.0 0.0 1.2510000467300415 293.0 1.330512497E12 527.792929127
220 10.64433985389769 43.66975529585034 0.0 0.0 1.5012000799179077 286.0 1.330512498E12 528.736828794
221 10.644326442852616 43.669757726602256 0.0 0.0 1.3135499954223633 282.0 1.330512499E12 529.71286721
222 10.644312025979161 43.669758145697415 0.0 0.0 1.2510000467300415 280.0 1.3305125E12 530.729992335
223 10.644285790622234 43.669760073535144 0.0 0.0 1.1259000301361084 277.0 1.330512502E12 532.718008669
224 10.644272044301033 43.66976091172546 0.0 0.0 1.1259000301361084 275.0 1.330512503E12 533.747177377
225 10.644256537780166 43.66976040881127 0.0 0.0 1.1884499788284302 272.0 1.330512504E12 534.762049002
226 10.64424161799252 43.66976011544466 0.0 0.0 1.1884499788284302 270.0 1.330512505E12 535.766674169
227 10.644226865842938 43.66975910961628 0.0 0.0 1.1259000301361084 269.0 1.330512506E12 536.710394752
228 10.644213706254959 43.66975726559758 0.0 0.0 1.0008000135421753 267.0 1.330512507E12 537.713970335
229 10.64420004375279 43.669756008312106 0.0 0.0 1.1259000301361084 267.0 1.330512508E12 538.717338752
230 10.644186045974493 43.669755002483726 0.0 0.0 1.0008000135421753 266.0 1.330512509E12 539.733329502
231 10.644173305481672 43.66975403856486 0.0 0.0 1.063349962234497 264.0 1.33051251E12 540.774631794
232 10.644159223884344 43.66975294891745 0.0 0.0 1.1884499788284302 264.0 1.330512511E12 541.69089346
233 10.644143465906382 43.66975081153214 0.0 0.0 1.1259000301361084 262.0 1.330512512E12 542.70056671
234 10.644129300490022 43.66974921897054 0.0 0.0 1.063349962234497 261.0 1.330512513E12 543.708889335
235 10.644115386530757 43.66974724922329 0.0 0.0 1.1259000301361084 260.0 1.330512514E12 544.771763335
236 10.644101221114397 43.66974414791912 0.0 0.0 1.1259000301361084 257.0 1.330512515E12 545.719214627
237 10.644087474793196 43.66974117234349 0.0 0.0 1.1259000301361084 256.0 1.330512516E12 546.78271021
238 10.644073644652963 43.66973773576319 0.0 0.0 1.1884499788284302 254.0 1.330512517E12 547.722690794
239 10.644059898331761 43.66973371244967 0.0 0.0 1.1259000301361084 252.0 1.330512518E12 548.75483071
240 10.644046571105719 43.669729102402925 0.0 0.0 1.063349962234497 249.0 1.330512519E12 549.822181044
241 10.644033746793866 43.669724366627634 0.0 0.0 1.1259000301361084 247.0 1.33051252E12 550.696295002
242 10.644020671024919 43.66971921175718 0.0 0.0 1.1259000301361084 245.0 1.330512521E12 551.738225127
243 10.644007762894034 43.66971401497722 0.0 0.0 1.1259000301361084 244.0 1.330512522E12 552.785300002
244 10.643994603306055 43.66970940493047 0.0 0.0 1.1259000301361084 243.0 1.330512523E12 553.690518127
245 10.64398161135614 43.669704333879054 0.0 0.0 1.063349962234497 240.0 1.330512524E12 554.721838044
246 10.643969289958477 43.66969850845635 0.0 0.0 1.1884499788284302 239.0 1.330512525E12 555.764905835
247 10.643956884741783 43.669692473486066 0.0 0.0 1.1259000301361084 237.0 1.330512526E12 556.76491171
248 10.643944898620248 43.66968635469675 0.0 0.0 1.1259000301361084 236.0 1.330512527E12 557.783880294
249 10.64393282867968 43.66968006826937 0.0 0.0 1.1259000301361084 235.0 1.330512528E12 558.696666877
250 10.643921010196209 43.66967348847538 0.0 0.0 1.1259000301361084 233.0 1.330512529E12 559.72219596
251 10.643909694626927 43.669666573405266 0.0 0.0 1.063349962234497 232.0 1.33051253E12 560.742188252
252 10.643899301066995 43.66965944878757 0.0 0.0 1.063349962234497 230.0 1.330512531E12 561.790837585
253 10.643889242783189 43.66965228226036 0.0 0.0 1.063349962234497 228.0 1.330512532E12 562.822484085
254 10.643879184499383 43.669644612818956 0.0 0.0 1.063349962234497 226.0 1.330512533E12 563.702907127
255 10.643869545310736 43.66963656619191 0.0 0.0 1.063349962234497 224.0 1.330512534E12 564.716905877
256 10.643860576674342 43.669628435745835 0.0 0.0 1.1259000301361084 222.0 1.330512535E12 565.763566419
257 10.643853032961488 43.66962072439492 0.0 0.0 1.0008000135421753 220.0 1.330512536E12 566.78890871
258 10.643845153972507 43.66961271967739 0.0 0.0 1.0008000135421753 217.0 1.330512537E12 567.733447502
259 10.643837861716747 43.66960400249809 0.0 0.0 1.063349962234497 214.0 1.330512538E12 568.718808335
260 10.643831323832273 43.66959603969008 0.0 0.0 1.1259000301361084 212.0 1.330512539E12 569.723215669
261 10.64382428303361 43.66958677768707 0.0 0.0 1.1259000301361084 211.0 1.33051254E12 570.76352521
262 10.643816320225596 43.66957780905068 0.0 0.0 1.063349962234497 211.0 1.330512541E12 571.687677585
263 10.643808357417583 43.669568547047675 0.0 0.0 1.1884499788284302 210.0 1.330512542E12 572.720422169
264 10.643801568076015 43.66955890785903 0.0 0.0 1.1259000301361084 208.0 1.330512543E12 573.726183085
265 10.643795868381858 43.669549310579896 0.0 0.0 1.1259000301361084 205.0 1.330512544E12 574.792830794
266 10.643790168687701 43.66953962948173 0.0 0.0 1.1259000301361084 204.0 1.330512545E12 575.822160252
267 10.643784385174513 43.66953011602163 0.0 0.0 1.063349962234497 204.0 1.330512546E12 576.689590502
268 10.64377935603261 43.66952081210911 0.0 0.0 1.063349962234497 202.0 1.330512547E12 577.74734121
269 10.64377591945231 43.6695120530203 0.0 0.0 0.9382500052452087 199.0 1.330512548E12 578.811028544
270 10.643772399052978 43.66950274910778 0.0 0.0 1.1259000301361084 199.0 1.330512549E12 579.717066169
271 10.643767956644297 43.669492858462036 0.0 0.0 1.063349962234497 198.0 1.33051255E12 580.771585002
272 10.64376125112176 43.66947680711746 0.0 0.0 1.0008000135421753 196.0 1.330512552E12 582.761342335
273 10.643756221979856 43.66945819929242 0.0 0.0 1.1259000301361084 192.0 1.330512554E12 584.689274502
274 10.643755299970508 43.66944881156087 0.0 0.0 1.063349962234497 190.0 1.330512555E12 585.735520044
275 10.643754377961159 43.66943917237222 0.0 0.0 1.063349962234497 189.0 1.330512556E12 586.768183085
276 10.643753623589873 43.669429742731154 0.0 0.0 1.063349962234497 187.0 1.330512557E12 587.790123335
277 10.643753372132778 43.669420438818634 0.0 0.0 1.063349962234497 185.0 1.330512558E12 588.697375377
278 10.643753120675683 43.669410925358534 0.0 0.0 1.063349962234497 184.0 1.330512559E12 589.771720252
279 10.64375245012343 43.6694013280794 0.0 0.0 1.0008000135421753 182.0 1.33051256E12 590.808455919
280 10.643753288313746 43.669382384978235 0.0 0.0 1.1259000301361084 181.0 1.330512562E12 592.680264794
281 10.643753791227937 43.66937211714685 0.0 0.0 1.063349962234497 180.0 1.330512563E12 593.711123877
282 10.643754126504064 43.669361639767885 0.0 0.0 1.063349962234497 181.0 1.330512564E12 594.749315044
283 10.643754210323095 43.66935153957456 0.0 0.0 1.1259000301361084 181.0 1.330512565E12 595.78478346
284 10.643754797056317 43.669340894557536 0.0 0.0 1.1259000301361084 180.0 1.330512566E12 596.691155627
285 10.643755719065666 43.66933096200228 0.0 0.0 1.0008000135421753 180.0 1.330512567E12 597.730764127
286 10.64375689253211 43.669320652261376 0.0 0.0 1.063349962234497 179.0 1.330512568E12 598.76559246
287 10.643756641075015 43.66931097116321 0.0 0.0 1.063349962234497 180.0 1.330512569E12 599.798300585
288 10.643756724894047 43.66930149961263 0.0 0.0 0.9382500052452087 179.0 1.33051257E12 600.690525085
289 10.643757814541459 43.66929089650512 0.0 0.0 1.1884499788284302 178.0 1.330512571E12 601.712309169
290 10.643758904188871 43.669280502945185 0.0 0.0 1.063349962234497 178.0 1.330512572E12 602.846365377
291 10.643760915845633 43.6692702351138 0.0 0.0 1.1259000301361084 176.0 1.330512573E12 603.70195571
292 10.643762843683362 43.6692596739158 0.0 0.0 1.063349962234497 175.0 1.330512574E12 604.741396419
293 10.643763346597552 43.669249028898776 0.0 0.0 1.1884499788284302 178.0 1.330512575E12 605.748421377
294 10.643763011321425 43.6692382581532 0.0 0.0 1.1259000301361084 179.0 1.330512576E12 606.711531502
295 10.64376376569271 43.66922882851213 0.0 0.0 0.9382500052452087 178.0 1.330512577E12 607.769411419
296 10.643765022978187 43.66921893786639 0.0 0.0 1.063349962234497 177.0 1.330512578E12 608.752695502
297 10.64376619644463 43.669208963401616 0.0 0.0 1.0008000135421753 177.0 1.330512579E12 609.761835544
298 10.643766447901726 43.66919953376055 0.0 0.0 1.0008000135421753 178.0 1.33051258E12 610.794564877
299 10.64376711845398 43.66918939165771 0.0 0.0 1.063349962234497 178.0 1.330512581E12 611.72155496
300 10.643767956644297 43.66917908191681 0.0 0.0 1.063349962234497 178.0 1.330512582E12 612.735305002
301 10.643768543377519 43.66916893981397 0.0 0.0 1.063349962234497 178.0 1.330512583E12 613.736921335
302 10.6437695492059 43.669158671982586 0.0 0.0 1.0008000135421753 178.0 1.330512584E12 614.794932419
303 10.643770974129438 43.66914781741798 0.0 0.0 1.1259000301361084 176.0 1.330512585E12 615.693529044
304 10.643771896138787 43.66913696285337 0.0 0.0 1.1259000301361084 178.0 1.330512586E12 616.71783971
305 10.643772566691041 43.66912627592683 0.0 0.0 1.063349962234497 179.0 1.330512587E12 617.759858085
306 10.643772315233946 43.66911600809544 0.0 0.0 1.063349962234497 180.0 1.330512588E12 618.785029919
307 10.643772901967168 43.66910481825471 0.0 0.0 1.1884499788284302 180.0 1.330512589E12 619.70535546
308 10.643773237243295 43.669093335047364 0.0 0.0 1.1884499788284302 180.0 1.33051259E12 620.720916544
309 10.643772901967168 43.6690818099305 0.0 0.0 1.1884499788284302 180.0 1.330512591E12 621.809497252
310 10.6437729857862 43.6690707039088 0.0 0.0 1.063349962234497 178.0 1.330512592E12 622.834255627
311 10.64377399161458 43.669059849344194 0.0 0.0 1.1259000301361084 177.0 1.330512593E12 623.703595544
312 10.643773907795548 43.669049413874745 0.0 0.0 1.063349962234497 179.0 1.330512594E12 624.72081696
313 10.643773572519422 43.66903906222433 0.0 0.0 1.1884499788284302 179.0 1.330512595E12 625.745221669
314 10.64377449452877 43.66902820765972 0.0 0.0 1.1259000301361084 178.0 1.330512596E12 626.794605877
315 10.643775584176183 43.66901777219027 0.0 0.0 1.063349962234497 178.0 1.330512597E12 627.806540252
316 10.64377742819488 43.66900729481131 0.0 0.0 1.063349962234497 176.0 1.330512598E12 628.700366627
317 10.643780613318086 43.668997110798955 0.0 0.0 1.063349962234497 176.0 1.330512599E12 629.78419196
318 10.643782373517752 43.668987303972244 0.0 0.0 1.063349962234497 176.0 1.3305126E12 630.824145544
319 10.6437832955271 43.6689774133265 0.0 0.0 1.063349962234497 177.0 1.330512601E12 631.709336502
320 10.643784049898386 43.66896660067141 0.0 0.0 1.0008000135421753 178.0 1.330512602E12 632.703101752
321 10.643785474821925 43.66895712912083 0.0 0.0 0.9382500052452087 177.0 1.330512603E12 633.732389252
322 10.64378715120256 43.66894811857492 0.0 0.0 0.9382500052452087 177.0 1.330512604E12 634.74459321
323 10.643789749592543 43.66893764119595 0.0 0.0 1.1259000301361084 175.0 1.330512605E12 635.936803377
324 10.64379159361124 43.66892682854086 0.0 0.0 1.063349962234497 176.0 1.330512606E12 636.704571585
325 10.643790671601892 43.66891622543335 0.0 0.0 1.1884499788284302 179.0 1.330512607E12 637.789405627
326 10.643791845068336 43.66890532895923 0.0 0.0 1.1259000301361084 177.0 1.330512608E12 638.780666752
327 10.643793689087033 43.668894222937524 0.0 0.0 1.1259000301361084 177.0 1.330512609E12 639.783264877
328 10.643793437629938 43.668882572092116 0.0 0.0 1.1884499788284302 177.0 1.33051261E12 640.741213377
329 10.643793269991875 43.66887284908444 0.0 0.0 1.063349962234497 177.0 1.330512611E12 641.748613044
330 10.643794862553477 43.66886320989579 0.0 0.0 1.063349962234497 174.0 1.330512612E12 642.779285044
331 10.643795281648636 43.66885306779295 0.0 0.0 1.063349962234497 176.0 1.330512613E12 643.71545171
332 10.643795784562826 43.66884376388043 0.0 0.0 1.1259000301361084 177.0 1.330512614E12 644.713096294
333 10.643795197829604 43.668833705596626 0.0 0.0 1.063349962234497 178.0 1.330512615E12 645.746483002
334 10.643794359639287 43.668823395855725 0.0 0.0 1.063349962234497 178.0 1.330512616E12 646.777901877
335 10.643794275820255 43.66881283465773 0.0 0.0 1.1259000301361084 178.0 1.330512617E12 647.797663294
336 10.643795197829604 43.66880260873586 0.0 0.0 1.1259000301361084 177.0 1.330512618E12 648.725777377
337 10.643795700743794 43.66879301145673 0.0 0.0 1.063349962234497 177.0 1.330512619E12 649.763129752
338 10.643795700743794 43.668783539906144 0.0 0.0 1.063349962234497 178.0 1.33051262E12 650.792084585
339 10.643794946372509 43.66877373307943 0.0 0.0 1.063349962234497 179.0 1.330512621E12 651.827666835
340 10.643792850896716 43.66876442916691 0.0 0.0 1.1259000301361084 180.0 1.330512622E12 652.695969919
341 10.643792599439621 43.66875491570681 0.0 0.0 1.063349962234497 180.0 1.330512623E12 653.715146835
342 10.643794778734446 43.66873878054321 0.0 0.0 0.6880499720573425 175.0 1.330512625E12 655.867055794
343 10.643797880038619 43.6687244893983 0.0 0.0 0.6880499720573425 167.0 1.330512627E12 657.770115544
344 10.643794443458319 43.66871158126742 0.0 0.0 1.0008000135421753 171.0 1.330512628E12 658.793891835
345 10.643792934715748 43.66870156489313 0.0 0.0 1.063349962234497 175.0 1.330512629E12 659.98466771
346 10.643791006878018 43.66869100369513 0.0 0.0 1.1259000301361084 177.0 1.33051263E12 660.739582919
347 10.643790336325765 43.66868182551116 0.0 0.0 1.1259000301361084 177.0 1.330512631E12 661.747296002
