4 10.643776506185532 43.66873974446207 0.0 0.0 0.6255000233650208 271.0 1.330518029E12 1346.612323839
5 10.64378036186099 43.66872507613152 0.0 0.0 0.8131499886512756 218.0 1.330518031E12 1348.557682047
6 10.643783966079354 43.66870894096792 0.0 0.0 0.9382500052452087 196.0 1.330518033E12 1350.575290213
7 10.643788576126099 43.668692680075765 0.0 0.0 0.8131499886512756 187.0 1.330518035E12 1352.544811547
8 10.643792850896716 43.66867541335523 0.0 0.0 0.7506000399589539 182.0 1.330518037E12 1354.660967172
9 10.6437954492867 43.66865982301533 0.0 0.0 0.8131499886512756 178.0 1.330518039E12 1356.832767797
10 10.643799304962158 43.66865056101233 0.0 0.0 0.8756999969482422 178.0 1.33051804E12 1357.583458214
11 10.643801400437951 43.66864129900932 0.0 0.0 0.8131499886512756 176.0 1.330518041E12 1358.58876563
12 10.643805004656315 43.66862717550248 0.0 0.0 0.6880499720573425 178.0 1.330518043E12 1360.612796089
13 10.643807351589203 43.66861263290048 0.0 0.0 0.8131499886512756 178.0 1.330518045E12 1362.580228923
14 10.643812967464328 43.6685965815559 0.0 0.0 0.8756999969482422 174.0 1.330518047E12 1364.706685006
15 10.643819002434611 43.6685801949352 0.0 0.0 0.8756999969482422 169.0 1.330518049E12 1366.587001881
16 10.643826378509402 43.66856259293854 0.0 0.0 1.0008000135421753 166.0 1.330518051E12 1368.526491214
17 10.643834341317415 43.668547379784286 0.0 0.0 0.7506000399589539 162.0 1.330518053E12 1370.556495797
18 10.643842555582523 43.66853396873921 0.0 0.0 0.7506000399589539 161.0 1.330518055E12 1372.547476464
19 10.643849009647965 43.668526131659746 0.0 0.0 0.8131499886512756 159.0 1.330518056E12 1373.579792172
20 10.643860828131437 43.668511379510164 0.0 0.0 0.8131499886512756 156.0 1.330518058E12 1375.687883464
21 10.643869545310736 43.668503584340215 0.0 0.0 0.8756999969482422 153.0 1.330518059E12 1376.54911713
22 10.643877424299717 43.66849654354155 0.0 0.0 0.8756999969482422 150.0 1.33051806E12 1377.559743297
23 10.643886644393206 43.668488916009665 0.0 0.0 0.8756999969482422 146.0 1.330518061E12 1378.59378838
24 10.643898965790868 43.66848045028746 0.0 0.0 0.9382500052452087 145.0 1.330518062E12 1379.643342255
25 10.643908185884356 43.66847085300833 0.0 0.0 0.9382500052452087 146.0 1.330518063E12 1380.550756631
26 10.643917405977845 43.66846339311451 0.0 0.0 0.8756999969482422 143.0 1.330518064E12 1381.575563006
27 10.643927967175841 43.66845568176359 0.0 0.0 1.063349962234497 139.0 1.330518065E12 1382.612744547
28 10.64394112676382 43.66844667121768 0.0 0.0 1.3135499954223633 135.0 1.330518066E12 1383.66819463
29 10.643954453989863 43.66843824740499 0.0 0.0 1.1884499788284302 132.0 1.330518067E12 1384.529199547
30 10.643966691568494 43.668430116958916 0.0 0.0 1.0008000135421753 133.0 1.330518068E12 1385.596897797
31 10.643976330757141 43.668423453345895 0.0 0.0 0.9382500052452087 132.0 1.330518069E12 1386.635527131
32 10.64398655667901 43.668417292647064 0.0 0.0 0.9382500052452087 131.0 1.33051807E12 1387.540396088
33 10.643997453153133 43.66841113194823 0.0 0.0 1.0008000135421753 130.0 1.330518071E12 1388.605176464
34 10.64400801435113 43.66840526461601 0.0 0.0 1.0008000135421753 129.0 1.330518072E12 1389.610374173
35 10.644028885290027 43.66839537397027 0.0 0.0 0.9382500052452087 126.0 1.330518074E12 1391.565966255
36 10.64404170960188 43.66838992573321 0.0 0.0 0.9382500052452087 125.0 1.330518075E12 1392.596923089
37 10.644053611904383 43.6683843517676 0.0 0.0 0.9382500052452087 125.0 1.330518076E12 1393.664861714
38 10.644065765663981 43.66837877780199 0.0 0.0 1.063349962234497 124.0 1.330518077E12 1394.544450297
39 10.644077835604548 43.668374083936214 0.0 0.0 1.0008000135421753 122.0 1.330518078E12 1395.632223422
40 10.644100466743112 43.66836641449481 0.0 0.0 1.0008000135421753 118.0 1.33051808E12 1397.538072047
41 10.644125109538436 43.66835782304406 0.0 0.0 0.9382500052452087 113.0 1.330518082E12 1399.688289047
42 10.644149500876665 43.66835216525942 0.0 0.0 1.063349962234497 110.0 1.330518084E12 1401.53917038
43 10.644173976033926 43.6683481419459 0.0 0.0 1.0008000135421753 106.0 1.330518086E12 1403.710873297
44 10.644198199734092 43.66834457963705 0.0 0.0 1.0008000135421753 103.0 1.330518088E12 1405.607328756
45 10.644222423434258 43.66834172978997 0.0 0.0 1.0008000135421753 101.0 1.33051809E12 1407.642499256
46 10.644245725125074 43.66834034677595 0.0 0.0 1.0008000135421753 99.0 1.330518092E12 1409.539656964
47 10.644259303808212 43.66833934094757 0.0 0.0 1.0008000135421753 97.0 1.330518093E12 1410.601448089
48 10.644283192232251 43.66833879612386 0.0 0.0 1.0008000135421753 96.0 1.330518095E12 1412.57987888
49 10.644297022372484 43.66833808366209 0.0 0.0 1.063349962234497 95.0 1.330518096E12 1413.602842089
50 10.644310684874654 43.66833883803338 0.0 0.0 1.063349962234497 90.0 1.330518097E12 1414.545501839
51 10.64432417973876 43.66833971813321 0.0 0.0 1.063349962234497 87.0 1.330518098E12 1415.580124755
52 10.64433733932674 43.6683410173282 0.0 0.0 1.1259000301361084 86.0 1.330518099E12 1416.591913839
53 10.64435058273375 43.668342819437385 0.0 0.0 1.0008000135421753 84.0 1.3305181E12 1417.649533672
54 10.644363323226571 43.6683439090848 0.0 0.0 1.063349962234497 84.0 1.330518101E12 1418.544424589
55 10.644376315176487 43.66834416054189 0.0 0.0 1.0008000135421753 85.0 1.330518102E12 1419.570727381
56 10.644400957971811 43.66834617219865 0.0 0.0 1.0008000135421753 84.0 1.330518104E12 1421.601946256
57 10.644413949921727 43.66834730375558 0.0 0.0 1.063349962234497 84.0 1.330518105E12 1422.642215172
58 10.644426019862294 43.66834977641702 0.0 0.0 0.9382500052452087 80.0 1.330518106E12 1423.527901131
59 10.644449153915048 43.668355476111174 0.0 0.0 1.0008000135421753 79.0 1.330518108E12 1425.62930088
60 10.644472371786833 43.66836226545274 0.0 0.0 1.063349962234497 75.0 1.33051811E12 1427.580692548
61 10.644484609365463 43.66836494766176 0.0 0.0 0.9382500052452087 75.0 1.330518111E12 1428.534080839
62 10.644506569951773 43.668371946550906 0.0 0.0 1.0008000135421753 70.0 1.330518113E12 1430.564229255
63 10.644517801702023 43.66837605368346 0.0 0.0 0.9382500052452087 69.0 1.330518114E12 1431.535565173
64 10.644529620185494 43.66838032845408 0.0 0.0 1.1259000301361084 68.0 1.330518115E12 1432.66535438
65 10.64454160630703 43.668384393677115 0.0 0.0 1.063349962234497 66.0 1.330518116E12 1433.598836214
66 10.644553089514375 43.668389464728534 0.0 0.0 1.0008000135421753 66.0 1.330518117E12 1434.632544089
67 10.644564405083656 43.66839336231351 0.0 0.0 1.0008000135421753 65.0 1.330518118E12 1435.536150464
68 10.644576055929065 43.66839746944606 0.0 0.0 1.0008000135421753 64.0 1.330518119E12 1436.588653255
69 10.64458703622222 43.668402205221355 0.0 0.0 1.0008000135421753 62.0 1.33051812E12 1437.606902964
70 10.644607823342085 43.66841096431017 0.0 0.0 0.9382500052452087 61.0 1.330518122E12 1439.574555255
71 10.644627939909697 43.66841989103705 0.0 0.0 0.9382500052452087 62.0 1.330518124E12 1441.624193839
72 10.64463833346963 43.66842529736459 0.0 0.0 0.9382500052452087 61.0 1.330518125E12 1442.546770797
73 10.644648391753435 43.668431960977614 0.0 0.0 1.0008000135421753 58.0 1.330518126E12 1443.567152297
74 10.644657360389829 43.668440049514174 0.0 0.0 1.0008000135421753 53.0 1.330518127E12 1444.606747881
75 10.644666161388159 43.668448640964925 0.0 0.0 1.1259000301361084 48.0 1.330518128E12 1445.536974131
76 10.644673956558108 43.668457944877446 0.0 0.0 1.1259000301361084 44.0 1.330518129E12 1446.563706755
77 10.644682506099343 43.66846519522369 0.0 0.0 1.063349962234497 44.0 1.33051813E12 1447.612539381
78 10.644691558554769 43.668472026474774 0.0 0.0 1.0008000135421753 44.0 1.330518131E12 1448.549420797
79 10.644699521362782 43.6684792349115 0.0 0.0 1.0008000135421753 41.0 1.330518132E12 1449.574332922
80 10.64471511170268 43.6684905923903 0.0 0.0 0.8131499886512756 42.0 1.330518134E12 1451.547093214
81 10.64472927711904 43.6685053864494 0.0 0.0 0.9382500052452087 39.0 1.330518136E12 1453.547540672
82 10.644734473899007 43.668515528552234 0.0 0.0 1.0008000135421753 35.0 1.330518137E12 1454.604960422
83 10.644740089774132 43.66852659266442 0.0 0.0 1.1259000301361084 32.0 1.330518138E12 1455.638326005
84 10.644745035097003 43.668539081700146 0.0 0.0 1.2510000467300415 27.0 1.330518139E12 1456.564506755
85 10.644748136401176 43.66855064872652 0.0 0.0 1.1884499788284302 23.0 1.33051814E12 1457.552905839
86 10.644753500819206 43.66856816690415 0.0 0.0 0.9382500052452087 19.0 1.330518142E12 1459.546504047
87 10.644757524132729 43.66857868619263 0.0 0.0 1.063349962234497 19.0 1.330518143E12 1460.620336381
88 10.64476146362722 43.66858991794288 0.0 0.0 1.063349962234497 19.0 1.330518144E12 1461.64359738
89 10.644764145836234 43.66860047914088 0.0 0.0 0.9382500052452087 16.0 1.330518145E12 1462.548555505
90 10.644767079502344 43.66861288435757 0.0 0.0 1.1259000301361084 15.0 1.330518146E12 1463.561649381
91 10.64476984553039 43.66862403228879 0.0 0.0 1.063349962234497 14.0 1.330518147E12 1464.626522881
92 10.644772443920374 43.66863505449146 0.0 0.0 1.0008000135421753 14.0 1.330518148E12 1465.602334339
93 10.644774287939072 43.6686451965943 0.0 0.0 0.8756999969482422 12.0 1.330518149E12 1466.665182006
94 10.644775964319706 43.66865529678762 0.0 0.0 1.063349962234497 10.0 1.33051815E12 1467.656139422
95 10.644776718690991 43.668665564619005 0.0 0.0 1.063349962234497 8.0 1.330518151E12 1468.540899881
96 10.644777053967118 43.66867499426007 0.0 0.0 0.8756999969482422 6.0 1.330518152E12 1469.586316381
97 10.644776970148087 43.66868555545807 0.0 0.0 1.063349962234497 4.0 1.330518153E12 1470.592733714
98 10.644777389243245 43.66869615856558 0.0 0.0 1.063349962234497 4.0 1.330518154E12 1471.608684464
99 10.644776718690991 43.66870688740164 0.0 0.0 1.063349962234497 2.0 1.330518155E12 1472.62941188
100 10.64477470703423 43.668717574328184 0.0 0.0 1.063349962234497 358.0 1.330518156E12 1473.540750422
101 10.644773282110691 43.66872683633119 0.0 0.0 1.063349962234497 359.0 1.330518157E12 1474.563978047
102 10.64477370120585 43.66873605642468 0.0 0.0 1.1259000301361084 0.0 1.330518158E12 1475.62326288
103 10.644774539396167 43.66874586325139 0.0 0.0 1.1259000301361084 1.0 1.330518159E12 1476.570473048
104 10.644774455577135 43.66875663399696 0.0 0.0 1.1884499788284302 359.0 1.33051816E12 1477.550632005
105 10.644773617386818 43.66876719519496 0.0 0.0 1.063349962234497 358.0 1.330518161E12 1478.551637006
106 10.644773449748755 43.66877804975957 0.0 0.0 1.0008000135421753 358.0 1.330518162E12 1479.580360713
107 10.6447727791965 43.668788694776595 0.0 0.0 1.0008000135421753 359.0 1.330518163E12 1480.625690506
108 10.644772611558437 43.668798208236694 0.0 0.0 1.0008000135421753 359.0 1.330518164E12 1481.535163963
109 10.644771857187152 43.668807218782604 0.0 0.0 1.1259000301361084 358.0 1.330518165E12 1482.54445688
110 10.644770599901676 43.66882565896958 0.0 0.0 1.063349962234497 358.0 1.330518167E12 1484.677284922
111 10.64476984553039 43.668835340067744 0.0 0.0 1.0008000135421753 357.0 1.330518168E12 1485.657972047
112 10.6447693426162 43.66885386407375 0.0 0.0 1.0008000135421753 359.0 1.33051817E12 1487.607059756
113 10.644768588244915 43.66886383853853 0.0 0.0 0.9382500052452087 358.0 1.330518171E12 1488.63537663
114 10.644767582416534 43.668873268179595 0.0 0.0 0.9382500052452087 358.0 1.330518172E12 1489.543434464
115 10.644765235483646 43.66889242082834 0.0 0.0 1.063349962234497 358.0 1.330518174E12 1491.650297214
116 10.644766157492995 43.668902521021664 0.0 0.0 1.063349962234497 0.0 1.330518175E12 1492.618507589
117 10.644767498597503 43.668912034481764 0.0 0.0 1.0008000135421753 2.0 1.330518176E12 1493.540683798
118 10.644767917692661 43.6689221765846 0.0 0.0 1.063349962234497 1.0 1.330518177E12 1494.577050506
119 10.644767666235566 43.668932570144534 0.0 0.0 1.063349962234497 1.0 1.330518178E12 1495.585040005
120 10.644768169149756 43.6689427960664 0.0 0.0 1.0008000135421753 2.0 1.330518179E12 1496.624022464
121 10.644768588244915 43.66895386017859 0.0 0.0 1.063349962234497 2.0 1.33051818E12 1497.621403214
122 10.644767917692661 43.66896454710513 0.0 0.0 1.0008000135421753 1.0 1.330518181E12 1498.564424505
123 10.64476883970201 43.66897569503635 0.0 0.0 1.1884499788284302 2.0 1.330518182E12 1499.634088714
124 10.644770096987486 43.668986172415316 0.0 0.0 1.1259000301361084 2.0 1.330518183E12 1500.574461505
125 10.644770516082644 43.66899581160396 0.0 0.0 1.0008000135421753 2.0 1.330518184E12 1501.563878755
126 10.64477177336812 43.66900507360697 0.0 0.0 1.0008000135421753 3.0 1.330518185E12 1502.600564048
127 10.644771689549088 43.66901576053351 0.0 0.0 0.9382500052452087 2.0 1.330518186E12 1503.662278631
128 10.644769761711359 43.66903357207775 0.0 0.0 0.8131499886512756 358.0 1.330518188E12 1505.777590839
129 10.64476883970201 43.66904572583735 0.0 0.0 1.063349962234497 358.0 1.330518189E12 1506.558522339
130 10.644768923521042 43.669055365026 0.0 0.0 1.0008000135421753 0.0 1.33051819E12 1507.549886964
131 10.644768672063947 43.669065088033676 0.0 0.0 0.9382500052452087 359.0 1.330518191E12 1508.567613964
132 10.644767582416534 43.66907472722232 0.0 0.0 1.0008000135421753 358.0 1.330518192E12 1509.603655089
133 10.644768169149756 43.66908943746239 0.0 0.0 1.0008000135421753 3.0 1.330518194E12 1511.551447922
134 10.644769007340074 43.669099789112806 0.0 0.0 1.1259000301361084 2.0 1.330518195E12 1512.597442964
135 10.644768420606852 43.66911160759628 0.0 0.0 1.1259000301361084 2.0 1.330518196E12 1513.595430464
136 10.644769426435232 43.6691217077896 0.0 0.0 1.063349962234497 3.0 1.330518197E12 1514.652432339
137 10.644771186634898 43.669139477424324 0.0 0.0 1.0008000135421753 3.0 1.330518199E12 1516.547559256
138 10.644769677892327 43.66915540304035 0.0 0.0 0.9382500052452087 359.0 1.330518201E12 1518.756147505
139 10.644769007340074 43.66916520986706 0.0 0.0 0.8756999969482422 359.0 1.330518202E12 1519.600590588
140 10.644770013168454 43.66917484905571 0.0 0.0 0.9382500052452087 1.0 1.330518203E12 1520.613502755
141 10.644771186634898 43.66918482352048 0.0 0.0 0.9382500052452087 3.0 1.330518204E12 1521.581624881
142 10.644771354272962 43.66919391788542 0.0 0.0 0.9382500052452087 2.0 1.330518205E12 1522.558547839
143 10.644769091159105 43.6692107655108 0.0 0.0 0.9382500052452087 359.0 1.330518207E12 1524.707507839
144 10.644768588244915 43.66921977605671 0.0 0.0 0.8756999969482422 359.0 1.330518208E12 1525.549354547
145 10.64476783387363 43.669230421073735 0.0 0.0 0.9382500052452087 359.0 1.330518209E12 1526.600400089
146 10.644767750054598 43.669239934533834 0.0 0.0 0.9382500052452087 0.0 1.33051821E12 1527.628863922
147 10.644766828045249 43.66924928035587 0.0 0.0 0.8756999969482422 358.0 1.330518211E12 1528.53842813
148 10.644766325131059 43.66925900336355 0.0 0.0 0.9382500052452087 0.0 1.330518212E12 1529.574159339
149 10.644766325131059 43.66926964838058 0.0 0.0 1.063349962234497 359.0 1.330518213E12 1530.610201922
150 10.644765822216868 43.66927953902632 0.0 0.0 0.9382500052452087 0.0 1.330518214E12 1531.647805672
151 10.644766157492995 43.66929093841463 0.0 0.0 0.9382500052452087 0.0 1.330518215E12 1532.631161006
152 10.644766073673964 43.66930045187473 0.0 0.0 0.8756999969482422 1.0 1.330518216E12 1533.564848796
153 10.6447659060359 43.66931189317256 0.0 0.0 1.0008000135421753 1.0 1.330518217E12 1534.583358505
154 10.644765822216868 43.66932195145637 0.0 0.0 0.9382500052452087 1.0 1.330518218E12 1535.567183755
155 10.644765151664615 43.669338463805616 0.0 0.0 0.8756999969482422 0.0 1.33051822E12 1537.586017505
156 10.644764984026551 43.66934852208942 0.0 0.0 1.0008000135421753 359.0 1.330518221E12 1538.617729588
157 10.644764313474298 43.669367004185915 0.0 0.0 1.0008000135421753 358.0 1.330518223E12 1540.549420421
158 10.64476297236979 43.66937790066004 0.0 0.0 0.8756999969482422 359.0 1.330518224E12 1541.616621255
159 10.644762888550758 43.66938950959593 0.0 0.0 0.8756999969482422 0.0 1.330518225E12 1542.639299463
160 10.644762637093663 43.669403130188584 0.0 0.0 0.9382500052452087 0.0 1.330518226E12 1543.572622755
161 10.644762804731727 43.669415577314794 0.0 0.0 0.8756999969482422 1.0 1.330518227E12 1544.550139588
162 10.644763307645917 43.669426389969885 0.0 0.0 1.063349962234497 1.0 1.330518228E12 1545.562557088
163 10.644763894379139 43.669435903429985 0.0 0.0 1.0008000135421753 2.0 1.330518229E12 1546.589289255
164 10.644764732569456 43.66944529116154 0.0 0.0 0.9382500052452087 2.0 1.33051823E12 1547.567652171
165 10.644763140007854 43.669463312253356 0.0 0.0 1.0008000135421753 358.0 1.330518232E12 1549.571045713
166 10.644760373979807 43.669481333345175 0.0 0.0 1.0008000135421753 357.0 1.330518234E12 1551.623499546
167 10.64475811086595 43.669491559267044 0.0 0.0 1.063349962234497 355.0 1.330518235E12 1552.531123088
168 10.644756685942411 43.669502581469715 0.0 0.0 1.063349962234497 355.0 1.330518236E12 1553.57941438
169 10.644756350666285 43.66951276548207 0.0 0.0 1.1259000301361084 356.0 1.330518237E12 1554.621453297
170 10.64475517719984 43.66952227894217 0.0 0.0 0.9382500052452087 356.0 1.330518238E12 1555.611709297
171 10.644753752276301 43.66953128948808 0.0 0.0 0.8756999969482422 355.0 1.330518239E12 1556.639746505
172 10.644748639315367 43.66954734083265 0.0 0.0 0.7506000399589539 351.0 1.330518241E12 1558.597064922
173 10.644741347059608 43.66956314072013 0.0 0.0 0.8756999969482422 345.0 1.330518243E12 1560.60179388
174 10.644732126966119 43.66957940161228 0.0 0.0 0.8131499886512756 340.0 1.330518245E12 1562.56375613
175 10.644723828881979 43.66959457285702 0.0 0.0 0.9382500052452087 341.0 1.330518247E12 1564.612028713
176 10.644716788083315 43.66960333194584 0.0 0.0 1.0008000135421753 338.0 1.330518248E12 1565.628237338
177 10.64470874145627 43.6696119653061 0.0 0.0 0.8756999969482422 333.0 1.330518249E12 1566.579356546
178 10.644700108096004 43.669618838466704 0.0 0.0 0.8756999969482422 328.0 1.33051825E12 1567.569981671
179 10.644684182479978 43.66963296197355 0.0 0.0 1.0008000135421753 326.0 1.330518252E12 1569.713528046
180 10.644675130024552 43.669642307795584 0.0 0.0 1.063349962234497 326.0 1.330518253E12 1570.581220796
181 10.644665909931064 43.66965136025101 0.0 0.0 1.063349962234497 324.0 1.330518254E12 1571.564675046
182 10.644655264914036 43.669658903963864 0.0 0.0 1.063349962234497 320.0 1.330518255E12 1572.63300588
183 10.644645374268293 43.669664352200925 0.0 0.0 0.9382500052452087 317.0 1.330518256E12 1573.633774046
184 10.64462760463357 43.6696761706844 0.0 0.0 0.9382500052452087 316.0 1.330518258E12 1575.569704046
185 10.644616959616542 43.66968249902129 0.0 0.0 1.0008000135421753 314.0 1.330518259E12 1576.598518713
186 10.644606063142419 43.66968798916787 0.0 0.0 1.0008000135421753 312.0 1.33051826E12 1577.634451213
187 10.644585443660617 43.669698843732476 0.0 0.0 1.063349962234497 310.0 1.330518262E12 1579.547635505
188 10.64457387663424 43.669704920612276 0.0 0.0 1.0008000135421753 309.0 1.330518263E12 1580.580232046
189 10.644562309607863 43.669710494577885 0.0 0.0 1.063349962234497 309.0 1.330518264E12 1581.617775963
190 10.644550072029233 43.66971497889608 0.0 0.0 1.0008000135421753 306.0 1.330518265E12 1582.658983088
191 10.644537834450603 43.66971891839057 0.0 0.0 1.0008000135421753 303.0 1.330518266E12 1583.667177213
192 10.64452643506229 43.669722732156515 0.0 0.0 0.9382500052452087 301.0 1.330518267E12 1584.567020172
193 10.644514113664627 43.669726587831974 0.0 0.0 1.063349962234497 300.0 1.330518268E12 1585.574445755
194 10.644501456990838 43.66973098833114 0.0 0.0 1.063349962234497 300.0 1.330518269E12 1586.60453088
195 10.644489470869303 43.66973559837788 0.0 0.0 1.063349962234497 300.0 1.33051827E12 1587.629648088
196 10.644477065652609 43.6697398731485 0.0 0.0 1.063349962234497 299.0 1.330518271E12 1588.536729213
197 10.64446491189301 43.66974381264299 0.0 0.0 1.0008000135421753 298.0 1.330518272E12 1589.57077563
198 10.644452758133411 43.66974729113281 0.0 0.0 1.063349962234497 295.0 1.330518273E12 1590.610135963
199 10.64443901181221 43.66975072771311 0.0 0.0 1.0008000135421753 295.0 1.330518274E12 1591.610459713
200 10.644425014033914 43.669754499569535 0.0 0.0 1.063349962234497 294.0 1.330518275E12 1592.657486088
201 10.644411016255617 43.66975709795952 0.0 0.0 1.1259000301361084 290.0 1.330518276E12 1593.546778797
202 10.644396850839257 43.6697589000687 0.0 0.0 1.0008000135421753 287.0 1.330518277E12 1594.588369546
203 10.64438327215612 43.66976166609675 0.0 0.0 1.063349962234497 286.0 1.330518278E12 1595.629228421
204 10.644369525834918 43.66976455785334 0.0 0.0 1.063349962234497 285.0 1.330518279E12 1596.532948671
205 10.6443549413234 43.66976669523865 0.0 0.0 1.063349962234497 285.0 1.33051828E12 1597.60958538
206 10.644341362640262 43.66976996418089 0.0 0.0 1.1259000301361084 283.0 1.330518281E12 1598.633509838
207 10.644326694309711 43.66977117955685 0.0 0.0 1.063349962234497 279.0 1.330518282E12 1599.57535113
208 10.644312528893352 43.66977486759424 0.0 0.0 1.0008000135421753 276.0 1.330518283E12 1600.628632671
209 10.644298447296023 43.66977763362229 0.0 0.0 1.063349962234497 274.0 1.330518284E12 1601.656896047
210 10.644284952431917 43.66978035774082 0.0 0.0 1.0008000135421753 273.0 1.330518285E12 1602.569792255
211 10.644271792843938 43.66978735662997 0.0 0.0 1.0008000135421753 284.0 1.330518288E12 1605.588005463
212 10.644257040694356 43.66978857200593 0.0 0.0 1.0008000135421753 279.0 1.330518289E12 1606.624231505
213 10.64424354583025 43.66978932637721 0.0 0.0 1.063349962234497 274.0 1.33051829E12 1607.572748713
214 10.64423038624227 43.66978978738189 0.0 0.0 0.9382500052452087 270.0 1.330518291E12 1608.590807171
215 10.64421663992107 43.66978882346302 0.0 0.0 1.0008000135421753 266.0 1.330518292E12 1609.62531088
216 10.64420205540955 43.669786979444325 0.0 0.0 1.063349962234497 264.0 1.330518293E12 1610.649022505
217 10.644187722355127 43.669785470701754 0.0 0.0 1.063349962234497 262.0 1.330518294E12 1611.558579755
218 10.644174898043275 43.66978446487337 0.0 0.0 1.0008000135421753 263.0 1.330518295E12 1612.60985488
219 10.644152015447617 43.66978127975017 0.0 0.0 0.8756999969482422 258.0 1.330518297E12 1614.559290921
220 10.644129468128085 43.66977759171277 0.0 0.0 1.0008000135421753 254.0 1.330518299E12 1616.709002171
221 10.644116895273328 43.66977490950376 0.0 0.0 1.0008000135421753 252.0 1.3305183E12 1617.554832463
222 10.644104741513729 43.669771598652005 0.0 0.0 0.9382500052452087 250.0 1.330518301E12 1618.584854005
223 10.644092839211226 43.669767952524126 0.0 0.0 1.0008000135421753 248.0 1.330518302E12 1619.600150255
224 10.644080936908722 43.669764222577214 0.0 0.0 1.0008000135421753 247.0 1.330518303E12 1620.625057672
225 10.644068531692028 43.66975923534483 0.0 0.0 0.9382500052452087 245.0 1.330518304E12 1621.675548963
226 10.644057299941778 43.669753787107766 0.0 0.0 1.0008000135421753 244.0 1.330518305E12 1622.551889255
227 10.64404422417283 43.669748129323125 0.0 0.0 1.063349962234497 243.0 1.330518306E12 1623.560651672
228 10.6440319865942 43.66974222008139 0.0 0.0 1.0008000135421753 241.0 1.330518307E12 1624.569093338
229 10.644019832834601 43.669735388830304 0.0 0.0 1.1259000301361084 238.0 1.330518308E12 1625.63357413
230 10.644008265808225 43.669728389941156 0.0 0.0 1.063349962234497 235.0 1.330518309E12 1626.675870838
231 10.643997620791197 43.6697218939662 0.0 0.0 0.8756999969482422 234.0 1.33051831E12 1627.566454005
232 10.643988149240613 43.66971598472446 0.0 0.0 0.9382500052452087 232.0 1.330518311E12 1628.568516255
233 10.643978342413902 43.66970919538289 0.0 0.0 1.1259000301361084 229.0 1.330518312E12 1629.64068663
234 10.643968032673001 43.66970223840326 0.0 0.0 1.063349962234497 229.0 1.330518313E12 1630.656666213
235 10.64395822584629 43.669695407152176 0.0 0.0 1.063349962234497 227.0 1.330518314E12 1631.57522263
236 10.643949005752802 43.669688240624964 0.0 0.0 1.0008000135421753 225.0 1.330518315E12 1632.59150788
237 10.643941042944789 43.66968082264066 0.0 0.0 1.0008000135421753 222.0 1.330518316E12 1633.608895255
238 10.64393324777484 43.669673153199255 0.0 0.0 1.0008000135421753 221.0 1.330518317E12 1634.631003838
239 10.643925117328763 43.66966439411044 0.0 0.0 1.063349962234497 221.0 1.330518318E12 1635.668826796
240 10.64391665160656 43.669655341655016 0.0 0.0 1.063349962234497 219.0 1.330518319E12 1636.601692297
241 10.643908604979515 43.66964607965201 0.0 0.0 1.0008000135421753 218.0 1.33051832E12 1637.598730921
242 10.64390106126666 43.669636733829975 0.0 0.0 1.063349962234497 216.0 1.330518321E12 1638.624452838
243 10.643893936648965 43.66962730418891 0.0 0.0 1.063349962234497 215.0 1.330518322E12 1639.572143713
244 10.643886560574174 43.66961825173348 0.0 0.0 1.0008000135421753 215.0 1.330518323E12 1640.555221422
245 10.643879603594542 43.66960919927806 0.0 0.0 1.063349962234497 212.0 1.330518324E12 1641.611663213
246 10.643872898072004 43.66959972772747 0.0 0.0 1.063349962234497 211.0 1.330518325E12 1642.628817713
247 10.64386636018753 43.66959063336253 0.0 0.0 1.0008000135421753 210.0 1.330518326E12 1643.67474638
248 10.643860576674342 43.66958065889776 0.0 0.0 1.1259000301361084 208.0 1.330518327E12 1644.580012463
249 10.643855798989534 43.669570474885404 0.0 0.0 0.9382500052452087 205.0 1.330518328E12 1645.618964255
250 10.64385219477117 43.669560458511114 0.0 0.0 0.9382500052452087 203.0 1.330518329E12 1646.622581005
251 10.643848842009902 43.669550525955856 0.0 0.0 1.0008000135421753 201.0 1.33051833E12 1647.546743005
252 10.643845070153475 43.6695403419435 0.0 0.0 1.063349962234497 200.0 1.330518331E12 1648.597862713
253 10.643842052668333 43.669529990293086 0.0 0.0 1.0008000135421753 197.0 1.330518332E12 1649.612261547
254 10.643838867545128 43.669519890099764 0.0 0.0 1.0008000135421753 196.0 1.330518333E12 1650.636982088
255 10.643835179507732 43.6695110052824 0.0 0.0 0.9382500052452087 195.0 1.330518334E12 1651.591182588
256 10.643830066546798 43.669492648914456 0.0 0.0 1.0008000135421753 192.0 1.330518336E12 1653.625230422
257 10.643828138709068 43.669482548721135 0.0 0.0 1.063349962234497 190.0 1.330518337E12 1654.662923755
258 10.643826965242624 43.669472238980234 0.0 0.0 1.0008000135421753 188.0 1.330518338E12 1655.583006921
259 10.643826546147466 43.66946205496788 0.0 0.0 1.0008000135421753 186.0 1.330518339E12 1656.636742463
260 10.64382671378553 43.66945170331746 0.0 0.0 1.063349962234497 184.0 1.33051834E12 1657.605570672
261 10.643826462328434 43.66944164503366 0.0 0.0 1.0008000135421753 183.0 1.330518341E12 1658.65970063
262 10.643827049061656 43.66943133529276 0.0 0.0 1.063349962234497 181.0 1.330518342E12 1659.585685755
263 10.643827971071005 43.66942064836621 0.0 0.0 1.1259000301361084 180.0 1.330518343E12 1660.611062297
264 10.643830318003893 43.66941059008241 0.0 0.0 1.0008000135421753 178.0 1.330518344E12 1661.641189214
265 10.64383258111775 43.66940061561763 0.0 0.0 1.063349962234497 177.0 1.330518345E12 1662.633401547
266 10.643834341317415 43.66939055733383 0.0 0.0 1.063349962234497 177.0 1.330518346E12 1663.563476089
267 10.64383601769805 43.66938054095954 0.0 0.0 0.9382500052452087 178.0 1.330518347E12 1664.575103298
268 10.64383601769805 43.66937111131847 0.0 0.0 1.0008000135421753 179.0 1.330518348E12 1665.603879922
269 10.643836772069335 43.66936122067273 0.0 0.0 1.0008000135421753 178.0 1.330518349E12 1666.618994214
270 10.643837777897716 43.66935116238892 0.0 0.0 1.0008000135421753 178.0 1.33051835E12 1667.552784964
271 10.643839035183191 43.66934085264802 0.0 0.0 1.063349962234497 177.0 1.330518351E12 1668.583596547
272 10.643840292468667 43.669330668635666 0.0 0.0 1.0008000135421753 177.0 1.330518352E12 1669.571697214
273 10.643841549754143 43.66932073608041 0.0 0.0 0.9382500052452087 177.0 1.330518353E12 1670.601426464
274 10.643841633573174 43.66931059397757 0.0 0.0 1.063349962234497 179.0 1.330518354E12 1671.634629255
275 10.643841465935111 43.66929978132248 0.0 0.0 1.1259000301361084 180.0 1.330518355E12 1672.64947038
276 10.643842220306396 43.66928938776255 0.0 0.0 1.0008000135421753 178.0 1.330518356E12 1673.58832963
277 10.643843309953809 43.66927962284535 0.0 0.0 0.9382500052452087 178.0 1.330518357E12 1674.565064297
278 10.643844651058316 43.66926973219961 0.0 0.0 1.063349962234497 176.0 1.330518358E12 1675.581329297
279 10.643846159800887 43.669258542358875 0.0 0.0 1.063349962234497 177.0 1.330518359E12 1676.663639255
280 10.643848003819585 43.66924768779427 0.0 0.0 1.0008000135421753 175.0 1.33051836E12 1677.656641672
281 10.643850853666663 43.669236791320145 0.0 0.0 1.063349962234497 173.0 1.330518361E12 1678.543364297
282 10.643852781504393 43.66922602057457 0.0 0.0 0.9382500052452087 174.0 1.330518362E12 1679.594491297
283 10.643852781504393 43.66921487264335 0.0 0.0 1.063349962234497 174.0 1.330518363E12 1680.615508922
284 10.643852781504393 43.669204604811966 0.0 0.0 1.0008000135421753 176.0 1.330518364E12 1681.662531297
285 10.64385361969471 43.66919383406639 0.0 0.0 1.063349962234497 177.0 1.330518365E12 1682.558904755
286 10.643854541704059 43.66918268613517 0.0 0.0 1.0008000135421753 178.0 1.330518366E12 1683.643030839
287 10.643854793161154 43.669172250665724 0.0 0.0 1.0008000135421753 178.0 1.330518367E12 1684.630719589
288 10.643857307732105 43.66916189901531 0.0 0.0 1.0008000135421753 174.0 1.330518368E12 1685.645066506
289 10.643859319388866 43.66915205027908 0.0 0.0 0.9382500052452087 175.0 1.330518369E12 1686.68351613
290 10.643859906122088 43.669142201542854 0.0 0.0 0.9382500052452087 178.0 1.33051837E12 1687.559109297
291 10.64386049285531 43.66913272999227 0.0 0.0 0.8756999969482422 177.0 1.330518371E12 1688.583848547
292 10.643860241398215 43.66911449935287 0.0 0.0 1.063349962234497 180.0 1.330518373E12 1690.634388339
293 10.643862253054976 43.66910477634519 0.0 0.0 0.9382500052452087 176.0 1.330518374E12 1691.689486922
294 10.643863510340452 43.669095765799284 0.0 0.0 0.9382500052452087 176.0 1.330518375E12 1692.66125963
295 10.643863342702389 43.66908591706306 0.0 0.0 1.063349962234497 175.0 1.330518376E12 1693.563653505
296 10.643863175064325 43.669076026417315 0.0 0.0 1.0008000135421753 175.0 1.330518377E12 1694.596226256
297 10.643863091245294 43.66906613577157 0.0 0.0 1.0008000135421753 176.0 1.330518378E12 1695.630877088
298 10.643863342702389 43.669056287035346 0.0 0.0 1.0008000135421753 177.0 1.330518379E12 1696.669966339
299 10.643863342702389 43.669046396389604 0.0 0.0 0.9382500052452087 177.0 1.33051838E12 1697.566525756
300 10.643863175064325 43.66903692483902 0.0 0.0 0.9382500052452087 176.0 1.330518381E12 1698.597587506
301 10.64386342652142 43.66902711801231 0.0 0.0 1.0008000135421753 176.0 1.330518382E12 1699.637014339
302 10.643864180892706 43.66901689209044 0.0 0.0 1.0008000135421753 177.0 1.330518383E12 1700.650383588
303 10.64386392943561 43.669006414711475 0.0 0.0 1.0008000135421753 179.0 1.330518384E12 1701.581952256
304 10.643863677978516 43.66899576969445 0.0 0.0 1.1259000301361084 179.0 1.330518385E12 1702.618854797
305 10.64386392943561 43.66898504085839 0.0 0.0 1.0008000135421753 178.0 1.330518386E12 1703.649278005
306 10.643864097073674 43.66897569503635 0.0 0.0 0.9382500052452087 177.0 1.330518387E12 1704.615184338
307 10.643864599987864 43.66896580439061 0.0 0.0 1.0008000135421753 177.0 1.330518388E12 1705.638075505
308 10.64386485144496 43.668956626206636 0.0 0.0 0.8756999969482422 176.0 1.330518389E12 1706.62818163
309 10.643865521997213 43.668947448022664 0.0 0.0 0.9382500052452087 177.0 1.33051839E12 1707.640768631
310 10.643866024911404 43.66893667727709 0.0 0.0 1.063349962234497 179.0 1.330518391E12 1708.565230089
311 10.643866695463657 43.66892661899328 0.0 0.0 0.9382500052452087 180.0 1.330518392E12 1709.60347363
312 10.643867533653975 43.668917189352214 0.0 0.0 0.8756999969482422 178.0 1.330518393E12 1710.639949797
313 10.643869880586863 43.66890771780163 0.0 0.0 0.9382500052452087 177.0 1.330518394E12 1711.616245506
314 10.643870467320085 43.66889849770814 0.0 0.0 0.8756999969482422 177.0 1.330518395E12 1712.659957755
315 10.643870634958148 43.66888869088143 0.0 0.0 1.0008000135421753 178.0 1.330518396E12 1713.561779131
316 10.643871054053307 43.66887917742133 0.0 0.0 0.9382500052452087 177.0 1.330518397E12 1714.602654172
317 10.643871892243624 43.668869538232684 0.0 0.0 0.8756999969482422 175.0 1.330518398E12 1715.604775922
318 10.643872311338782 43.668860108591616 0.0 0.0 0.9382500052452087 176.0 1.330518399E12 1716.637832006
319 10.643872562795877 43.66885084658861 0.0 0.0 0.8756999969482422 177.0 1.3305184E12 1717.661434756
320 10.643871976062655 43.66883261594921 0.0 0.0 0.9382500052452087 179.0 1.330518402E12 1719.607418214
321 10.64387172460556 43.668823395855725 0.0 0.0 0.9382500052452087 177.0 1.330518403E12 1720.667272089
322 10.643872562795877 43.66881400812417 0.0 0.0 0.9382500052452087 177.0 1.330518404E12 1721.637671964
323 10.643873317167163 43.66880399174988 0.0 0.0 1.0008000135421753 177.0 1.330518405E12 1722.572584422
324 10.64387264661491 43.66879468783736 0.0 0.0 0.8756999969482422 179.0 1.330518406E12 1723.625150589
325 10.64387222751975 43.66878488101065 0.0 0.0 0.8756999969482422 180.0 1.330518407E12 1724.651009172
326 10.64387222751975 43.668775535188615 0.0 0.0 1.0008000135421753 179.0 1.330518408E12 1725.561714839
327 10.643872395157814 43.66876589599997 0.0 0.0 0.9382500052452087 178.0 1.330518409E12 1726.574745005
328 10.643872562795877 43.66875575389713 0.0 0.0 1.0008000135421753 179.0 1.33051841E12 1727.60410213
329 10.643871473148465 43.66874636616558 0.0 0.0 0.9382500052452087 180.0 1.330518411E12 1728.634169589
330 10.643870886415243 43.668737104162574 0.0 0.0 0.8756999969482422 182.0 1.330518412E12 1729.563966422
331 10.643870299682021 43.668717867694795 0.0 0.0 0.9382500052452087 181.0 1.330518414E12 1731.674232755
332 10.64387071877718 43.66870776750147 0.0 0.0 0.8131499886512756 178.0 1.330518415E12 1732.56592788
333 10.643871976062655 43.66869829595089 0.0 0.0 0.8756999969482422 176.0 1.330518416E12 1733.582663464
