2 10.643839621916413 43.66877096705139 0.0 0.0 0.0 260.0 1.330428553E12 64019.290445854
3 10.6438350956887 43.66875608917326 0.0 0.0 1.063349962234497 203.0 1.330428557E12 64023.241926146
4 10.643837358802557 43.668743767775595 0.0 0.0 1.3135499954223633 192.0 1.330428558E12 64024.248480896
5 10.64384046010673 43.66873144637793 0.0 0.0 1.1259000301361084 184.0 1.330428559E12 64025.299448146
6 10.643843309953809 43.668718663975596 0.0 0.0 1.0008000135421753 180.0 1.33042856E12 64026.19206948
7 10.643845153972507 43.668706635944545 0.0 0.0 0.9382500052452087 178.0 1.330428561E12 64027.290727938
8 10.643847417086363 43.66869372781366 0.0 0.0 0.9382500052452087 175.0 1.330428562E12 64028.232490813
9 10.643852697685361 43.668681951239705 0.0 0.0 0.9382500052452087 172.0 1.330428563E12 64029.198760938
10 10.643859151750803 43.66867017466575 0.0 0.0 0.9382500052452087 169.0 1.330428564E12 64030.209767604
11 10.643865773454309 43.66866082884371 0.0 0.0 0.9382500052452087 166.0 1.330428565E12 64031.234511771
12 10.643872562795877 43.668652405031025 0.0 0.0 0.9382500052452087 161.0 1.330428566E12 64032.276424063
13 10.643878597766161 43.66864435840398 0.0 0.0 0.8756999969482422 162.0 1.330428567E12 64033.19721248
14 10.64388589002192 43.66863178554922 0.0 0.0 0.7506000399589539 157.0 1.330428569E12 64035.365095688
15 10.643896032124758 43.66861950606108 0.0 0.0 0.8131499886512756 155.0 1.330428571E12 64037.217705312
16 10.643903324380517 43.66861066315323 0.0 0.0 0.9382500052452087 153.0 1.330428572E12 64038.241954355
17 10.643913885578513 43.66859985049814 0.0 0.0 1.2510000467300415 148.0 1.330428573E12 64039.298496813
18 10.643918914720416 43.668591594323516 0.0 0.0 0.8756999969482422 148.0 1.330428574E12 64040.354463437
19 10.64393576234579 43.668578057549894 0.0 0.0 0.9382500052452087 142.0 1.330428576E12 64042.302259438
20 10.64394942484796 43.668569340370595 0.0 0.0 1.0008000135421753 142.0 1.330428577E12 64043.189496646
21 10.643961075693369 43.66856070701033 0.0 0.0 0.9382500052452087 143.0 1.330428578E12 64044.206351521
22 10.643971804529428 43.66855240892619 0.0 0.0 0.9382500052452087 142.0 1.330428579E12 64045.244426145
23 10.64398119226098 43.668541931547225 0.0 0.0 0.8756999969482422 145.0 1.33042858E12 64046.246384146
24 10.643990328535438 43.66853132843971 0.0 0.0 0.9382500052452087 147.0 1.330428581E12 64047.296421104
25 10.644004996865988 43.66852181497961 0.0 0.0 1.1259000301361084 145.0 1.330428582E12 64048.220557521
26 10.64401974901557 43.668516115285456 0.0 0.0 1.0008000135421753 139.0 1.330428583E12 64049.199083604
27 10.64403391443193 43.6685093678534 0.0 0.0 0.8756999969482422 136.0 1.330428584E12 64050.203853188
28 10.644045900553465 43.66850400343537 0.0 0.0 0.8131499886512756 134.0 1.330428585E12 64051.253219021
29 10.64406811259687 43.668495579622686 0.0 0.0 0.8131499886512756 128.0 1.330428587E12 64053.291963105
30 10.644081272184849 43.6684887483716 0.0 0.0 0.8756999969482422 126.0 1.330428588E12 64054.226002897
31 10.644096191972494 43.66847965400666 0.0 0.0 1.063349962234497 127.0 1.330428589E12 64055.32831077
32 10.644109519198537 43.66847328376025 0.0 0.0 0.9382500052452087 129.0 1.33042859E12 64056.219962688
33 10.644123768433928 43.66846729069948 0.0 0.0 1.063349962234497 129.0 1.330428591E12 64057.265439438
34 10.644139358773828 43.668460375629365 0.0 0.0 1.063349962234497 128.0 1.330428592E12 64058.27809448
35 10.644151847809553 43.66845584940165 0.0 0.0 0.8131499886512756 123.0 1.330428593E12 64059.207642687
36 10.644163833931088 43.66844931151718 0.0 0.0 0.8756999969482422 118.0 1.330428594E12 64060.238856437
37 10.64417808316648 43.66844088770449 0.0 0.0 1.063349962234497 119.0 1.330428595E12 64061.261015896
38 10.644189147278666 43.66843321826309 0.0 0.0 0.9382500052452087 117.0 1.330428596E12 64062.213462687
39 10.644200630486012 43.66842693183571 0.0 0.0 1.0008000135421753 116.0 1.330428597E12 64063.266003229
40 10.644212868064642 43.66842060349882 0.0 0.0 1.063349962234497 115.0 1.330428598E12 64064.19661373
41 10.644224770367146 43.66841775365174 0.0 0.0 0.9382500052452087 113.0 1.330428599E12 64065.24160148
42 10.644237846136093 43.668414736166596 0.0 0.0 1.0008000135421753 107.0 1.3304286E12 64066.254317645
43 10.64425234682858 43.6684094555676 0.0 0.0 1.1259000301361084 106.0 1.330428601E12 64067.271080604
44 10.644265674054623 43.66840367205441 0.0 0.0 1.063349962234497 106.0 1.330428602E12 64068.196281438
45 10.64427967183292 43.66839788854122 0.0 0.0 1.0008000135421753 106.0 1.330428603E12 64069.230691604
46 10.644293250516057 43.668391979299486 0.0 0.0 1.063349962234497 107.0 1.330428604E12 64070.245521729
47 10.644307248294353 43.66838640533388 0.0 0.0 1.063349962234497 106.0 1.330428605E12 64071.252859271
48 10.644320407882333 43.6683825077489 0.0 0.0 1.063349962234497 104.0 1.330428606E12 64072.283428771
49 10.644333316013217 43.66838057991117 0.0 0.0 1.063349962234497 102.0 1.330428607E12 64073.190503813
50 10.64434857107699 43.66837655659765 0.0 0.0 1.1259000301361084 101.0 1.330428608E12 64074.263946104
51 10.64436131156981 43.6683732457459 0.0 0.0 0.9382500052452087 101.0 1.330428609E12 64075.230431188
52 10.644373716786504 43.66836913861334 0.0 0.0 0.9382500052452087 101.0 1.33042861E12 64076.255147772
53 10.644395258277655 43.6683671688661 0.0 0.0 0.8756999969482422 101.0 1.330428612E12 64078.193636271
54 10.644408417865634 43.66836762987077 0.0 0.0 0.9382500052452087 97.0 1.330428613E12 64079.248783146
55 10.64442090690136 43.668368929065764 0.0 0.0 0.9382500052452087 94.0 1.330428614E12 64080.270435646
56 10.644433479756117 43.668370018713176 0.0 0.0 0.9382500052452087 91.0 1.330428615E12 64081.189640354
57 10.644446471706033 43.6683698091656 0.0 0.0 1.0008000135421753 90.0 1.330428616E12 64082.19840698
58 10.644469186663628 43.668368007056415 0.0 0.0 0.9382500052452087 88.0 1.330428618E12 64084.345376188
59 10.644491063430905 43.66836687549949 0.0 0.0 0.9382500052452087 86.0 1.33042862E12 64086.222903813
60 10.644515287131071 43.668365282937884 0.0 0.0 1.0008000135421753 86.0 1.330428622E12 64088.208115271
61 10.644527776166797 43.66836440283805 0.0 0.0 0.9382500052452087 86.0 1.330428623E12 64089.223522063
62 10.644550323486328 43.6683653248474 0.0 0.0 0.8131499886512756 78.0 1.330428625E12 64091.387442063
63 10.644574463367462 43.66836687549949 0.0 0.0 1.0008000135421753 76.0 1.330428627E12 64093.274053979
64 10.644586868584156 43.66836959961802 0.0 0.0 1.063349962234497 74.0 1.330428628E12 64094.188758896
65 10.644599525257945 43.66837228182703 0.0 0.0 0.9382500052452087 74.0 1.330428629E12 64095.250600938
66 10.644611343741417 43.66837571840733 0.0 0.0 1.0008000135421753 73.0 1.33042863E12 64096.209209771
67 10.644623581320047 43.66837990935892 0.0 0.0 1.0008000135421753 70.0 1.330428631E12 64097.253063855
68 10.64463690854609 43.668384393677115 0.0 0.0 1.0008000135421753 68.0 1.330428632E12 64098.269890313
69 10.644648978486657 43.66838866844773 0.0 0.0 1.0008000135421753 67.0 1.330428633E12 64099.220240271
70 10.644669849425554 43.668392021209 0.0 0.0 0.8756999969482422 72.0 1.330428635E12 64101.331546105
71 10.644689295440912 43.668398056179285 0.0 0.0 0.8131499886512756 71.0 1.330428637E12 64103.291010605
72 10.644708573818207 43.66840748582035 0.0 0.0 0.9382500052452087 65.0 1.330428639E12 64105.251459729
73 10.644727097824216 43.66841804701835 0.0 0.0 1.0008000135421753 58.0 1.330428641E12 64107.365978479
74 10.644741849973798 43.66842093877494 0.0 0.0 0.7506000399589539 59.0 1.330428643E12 64109.214088563
75 10.644755344837904 43.66842705756426 0.0 0.0 0.8756999969482422 53.0 1.330428645E12 64111.235806438
76 10.644772611558437 43.66843384690583 0.0 0.0 0.9382500052452087 50.0 1.330428647E12 64113.178105271
77 10.644789459183812 43.6684438213706 0.0 0.0 0.9382500052452087 47.0 1.330428649E12 64115.320830313
78 10.644804881885648 43.66845245473087 0.0 0.0 0.8756999969482422 43.0 1.330428651E12 64117.185235605
79 10.644817287102342 43.66845932789147 0.0 0.0 0.8131499886512756 39.0 1.330428653E12 64119.312483521
80 10.644824579358101 43.66846670396626 0.0 0.0 0.7506000399589539 33.0 1.330428655E12 64121.253822772
81 10.64483379945159 43.668476049788296 0.0 0.0 0.8756999969482422 29.0 1.330428658E12 64124.234157063
82 10.644842768087983 43.6684869043529 0.0 0.0 1.0008000135421753 28.0 1.33042866E12 64126.319463479
83 10.644850563257933 43.66850031539798 0.0 0.0 0.8756999969482422 25.0 1.330428662E12 64128.194939854
84 10.64485534094274 43.668513307347894 0.0 0.0 0.9382500052452087 23.0 1.330428664E12 64130.219210854
85 10.644861124455929 43.66852546110749 0.0 0.0 0.9382500052452087 21.0 1.330428666E12 64132.176190605
86 10.644861962646246 43.66853845305741 0.0 0.0 0.9382500052452087 15.0 1.330428668E12 64134.321322563
87 10.644862214103341 43.6685553425923 0.0 0.0 1.0008000135421753 9.0 1.33042867E12 64136.27298698
88 10.644862297922373 43.66857315413654 0.0 0.0 0.9382500052452087 5.0 1.330428672E12 64138.212106063
89 10.644862214103341 43.66858241613954 0.0 0.0 1.0008000135421753 5.0 1.330428673E12 64139.333409354
90 10.644862465560436 43.66859172005206 0.0 0.0 1.0008000135421753 6.0 1.330428674E12 64140.240127605
91 10.644862549379468 43.66860077250749 0.0 0.0 0.9382500052452087 4.0 1.330428675E12 64141.297590605
92 10.644860453903675 43.668614979833364 0.0 0.0 0.8131499886512756 359.0 1.330428677E12 64143.24275523
93 10.644857855513692 43.668631198816 0.0 0.0 0.8756999969482422 356.0 1.330428679E12 64145.19330698
94 10.644855424761772 43.66864062845707 0.0 0.0 0.9382500052452087 355.0 1.33042868E12 64146.236474896
95 10.644854251295328 43.668656470254064 0.0 0.0 0.8756999969482422 0.0 1.330428682E12 64148.215800397
96 10.64485332928598 43.66867247968912 0.0 0.0 0.9382500052452087 0.0 1.330428684E12 64150.376081897
97 10.644852323457599 43.668690668419 0.0 0.0 0.8756999969482422 2.0 1.330428686E12 64152.303916479
98 10.644846707582474 43.66871011443436 0.0 0.0 1.0008000135421753 358.0 1.330428688E12 64154.188967396
99 10.644845282658935 43.66872017271817 0.0 0.0 1.0008000135421753 357.0 1.330428689E12 64155.233611938
100 10.64484159462154 43.66873442195356 0.0 0.0 0.9382500052452087 356.0 1.330428691E12 64157.380441146
101 10.644838325679302 43.66874364204705 0.0 0.0 0.8756999969482422 353.0 1.330428692E12 64158.230396605
102 10.644836397841573 43.66875261068344 0.0 0.0 0.8756999969482422 353.0 1.330428693E12 64159.259313854
103 10.644837068393826 43.668768242932856 0.0 0.0 0.9382500052452087 358.0 1.330428695E12 64161.216245896
104 10.644843857735395 43.66878299508244 0.0 0.0 0.8756999969482422 359.0 1.330428697E12 64163.337357688
105 10.644848551601171 43.66879217326641 0.0 0.0 0.8756999969482422 358.0 1.330428698E12 64164.287960271
106 10.644854670390487 43.668808517977595 0.0 0.0 0.8756999969482422 0.0 1.3304287E12 64166.293399521
107 10.644858023151755 43.6688246531412 0.0 0.0 0.8756999969482422 2.0 1.330428702E12 64168.24247273
108 10.644858023151755 43.668839992024004 0.0 0.0 0.8131499886512756 359.0 1.330428704E12 64170.379825979
109 10.644860956817865 43.668855456635356 0.0 0.0 0.8756999969482422 1.0 1.330428706E12 64172.286931688
110 10.644865902140737 43.66887138225138 0.0 0.0 0.8756999969482422 4.0 1.330428708E12 64174.214904646
111 10.644861627370119 43.66888567339629 0.0 0.0 0.7506000399589539 352.0 1.33042871E12 64176.218712729
112 10.64485383220017 43.668900802731514 0.0 0.0 0.8131499886512756 347.0 1.330428712E12 64178.289131979
113 10.644855257123709 43.668915261514485 0.0 0.0 0.7506000399589539 355.0 1.330428714E12 64180.215255313
114 10.644854251295328 43.668931941501796 0.0 0.0 0.8131499886512756 359.0 1.330428716E12 64182.351469647
115 10.644852072000504 43.668944304808974 0.0 0.0 1.0008000135421753 356.0 1.330428717E12 64183.196764146
116 10.644852658733726 43.66895427927375 0.0 0.0 0.9382500052452087 355.0 1.330428718E12 64184.263126521
117 10.644850479438901 43.66896567866206 0.0 0.0 0.9382500052452087 353.0 1.330428719E12 64185.18862698
118 10.644846959039569 43.66897594649345 0.0 0.0 1.0008000135421753 350.0 1.33042872E12 64186.236920021
119 10.644844444468617 43.66898541804403 0.0 0.0 1.0008000135421753 350.0 1.330428721E12 64187.224431521
120 10.644845115020871 43.66899551823735 0.0 0.0 0.9382500052452087 353.0 1.330428722E12 64188.252205605
121 10.644846372306347 43.66900503169745 0.0 0.0 0.8756999969482422 355.0 1.330428723E12 64189.215200979
122 10.644856933504343 43.669024519622326 0.0 0.0 0.9382500052452087 358.0 1.330428725E12 64191.340973272
123 10.644865734502673 43.66903478745371 0.0 0.0 0.9382500052452087 0.0 1.330428726E12 64192.190077646
124 10.644864309579134 43.669050629250705 0.0 0.0 0.8756999969482422 352.0 1.330428728E12 64194.457544438
125 10.644861124455929 43.66906659677625 0.0 0.0 0.9382500052452087 355.0 1.33042873E12 64196.273921188
126 10.644858526065946 43.66908407304436 0.0 0.0 0.8756999969482422 358.0 1.330428732E12 64198.235216855
127 10.644859112799168 43.669099914841354 0.0 0.0 0.8131499886512756 1.0 1.330428734E12 64200.197672396
128 10.64485676586628 43.669114666990936 0.0 0.0 0.8131499886512756 1.0 1.330428736E12 64202.234613438
129 10.644853916019201 43.669129377231 0.0 0.0 0.8131499886512756 0.0 1.330428738E12 64204.204263604
130 10.644849641248584 43.6691441712901 0.0 0.0 0.8131499886512756 358.0 1.33042874E12 64206.317407188
131 10.644850144162774 43.669159300625324 0.0 0.0 0.8756999969482422 4.0 1.330428742E12 64208.25769523
132 10.644848635420203 43.66917388513684 0.0 0.0 0.7506000399589539 6.0 1.330428744E12 64210.208862188
133 10.644847629591823 43.66919090040028 0.0 0.0 0.8756999969482422 7.0 1.330428746E12 64212.369497229
134 10.644846456125379 43.66920154541731 0.0 0.0 0.8756999969482422 6.0 1.330428747E12 64213.217665938
135 10.644846791401505 43.669211184605956 0.0 0.0 0.8131499886512756 7.0 1.330428748E12 64214.241991854
136 10.64484452828765 43.66922032088041 0.0 0.0 0.8756999969482422 4.0 1.330428749E12 64215.274382438
137 10.644844695925713 43.669238928705454 0.0 0.0 0.8756999969482422 5.0 1.330428751E12 64217.223147188
138 10.6448436062783 43.66925606969744 0.0 0.0 0.9382500052452087 3.0 1.330428753E12 64219.367708938
139 10.6448436062783 43.66926650516689 0.0 0.0 0.9382500052452087 3.0 1.330428754E12 64220.223690855
140 10.64484461210668 43.66927610244602 0.0 0.0 1.0008000135421753 6.0 1.330428755E12 64221.187818355
141 10.644847210496664 43.669286579824984 0.0 0.0 0.8756999969482422 5.0 1.330428757E12 64223.339141229
142 10.644849138334394 43.66930321790278 0.0 0.0 0.7506000399589539 1.0 1.330428759E12 64225.242959063
143 10.644847210496664 43.66931285709143 0.0 0.0 0.8756999969482422 0.0 1.330428761E12 64227.234830146
144 10.644844695925713 43.66932631004602 0.0 0.0 0.8756999969482422 359.0 1.330428763E12 64229.217743188
145 10.644842432811856 43.66934307385236 0.0 0.0 0.8756999969482422 359.0 1.330428765E12 64231.257426313
146 10.644840504974127 43.66935996338725 0.0 0.0 0.8756999969482422 359.0 1.330428767E12 64233.35741523
147 10.644831117242575 43.669376098550856 0.0 0.0 0.6880499720573425 349.0 1.330428769E12 64235.200999979
148 10.64482013694942 43.669392904266715 0.0 0.0 0.9382500052452087 344.0 1.330428771E12 64237.239413479
149 10.644813850522041 43.66940187290311 0.0 0.0 0.9382500052452087 342.0 1.330428772E12 64238.26508273
150 10.644808569923043 43.66941075772047 0.0 0.0 0.7506000399589539 341.0 1.330428773E12 64239.328399437
151 10.644801193848252 43.669426892884076 0.0 0.0 0.7506000399589539 342.0 1.330428775E12 64241.271557772
152 10.644791219383478 43.66944302804768 0.0 0.0 0.8756999969482422 338.0 1.330428777E12 64243.220036605
153 10.644779484719038 43.66945555899292 0.0 0.0 0.7506000399589539 331.0 1.330428779E12 64245.279071563
154 10.644770013168454 43.66947098169476 0.0 0.0 0.8756999969482422 333.0 1.330428781E12 64247.218503938
155 10.644763559103012 43.669479195959866 0.0 0.0 0.8756999969482422 330.0 1.330428782E12 64248.241635563
156 10.644750483334064 43.66949491202831 0.0 0.0 0.8131499886512756 328.0 1.330428784E12 64250.281804438
157 10.64473757520318 43.66951008327305 0.0 0.0 0.8756999969482422 327.0 1.330428786E12 64252.198358563
158 10.644731791689992 43.66951951291412 0.0 0.0 0.9382500052452087 325.0 1.330428787E12 64253.266019104
159 10.644722152501345 43.66952734999359 0.0 0.0 0.8756999969482422 320.0 1.330428788E12 64254.298937729
160 10.644713351503015 43.669534139335155 0.0 0.0 0.9382500052452087 319.0 1.330428789E12 64255.34743398
161 10.64470530487597 43.669542144052684 0.0 0.0 0.8756999969482422 318.0 1.33042879E12 64256.244483646
162 10.644696671515703 43.66954968776554 0.0 0.0 0.9382500052452087 317.0 1.330428791E12 64257.225782647
163 10.644680159166455 43.66956159006804 0.0 0.0 0.9382500052452087 312.0 1.330428793E12 64259.199998396
164 10.644663395360112 43.669572486542165 0.0 0.0 0.8756999969482422 310.0 1.330428795E12 64261.348129938
165 10.644646966829896 43.669584011659026 0.0 0.0 0.9382500052452087 309.0 1.330428797E12 64263.211712646
166 10.644637579098344 43.66959033999592 0.0 0.0 1.0008000135421753 308.0 1.330428798E12 64264.268317813
167 10.644621821120381 43.66960098501295 0.0 0.0 0.8131499886512756 306.0 1.3304288E12 64266.247913855
168 10.644611679017544 43.66960836108774 0.0 0.0 1.0008000135421753 306.0 1.330428801E12 64267.341274313
169 10.644598519429564 43.66961850319058 0.0 0.0 1.0008000135421753 304.0 1.330428802E12 64268.204231271
170 10.644577564671636 43.66962839383632 0.0 0.0 1.0008000135421753 299.0 1.330428804E12 64270.21355873
171 10.644564991816878 43.66963333915919 0.0 0.0 1.0008000135421753 299.0 1.330428805E12 64271.252630605
172 10.644551748409867 43.669637530110776 0.0 0.0 1.0008000135421753 297.0 1.330428806E12 64272.262452563
173 10.644536996260285 43.66964218206704 0.0 0.0 1.1259000301361084 293.0 1.330428807E12 64273.314507313
174 10.644523417577147 43.66964557673782 0.0 0.0 0.9382500052452087 289.0 1.330428808E12 64274.229563271
175 10.644511012360454 43.66964687593281 0.0 0.0 0.9382500052452087 286.0 1.330428809E12 64275.676014438
176 10.644496763125062 43.6696484265849 0.0 0.0 0.8756999969482422 281.0 1.33042881E12 64276.185885355
177 10.64448301680386 43.66965253371745 0.0 0.0 0.8131499886512756 286.0 1.330428811E12 64277.24133173
178 10.64447027631104 43.66965546738356 0.0 0.0 0.8756999969482422 285.0 1.330428812E12 64278.284488479
179 10.64445711672306 43.66965701803565 0.0 0.0 0.8756999969482422 282.0 1.330428813E12 64279.315586938
180 10.644443286582828 43.6696587363258 0.0 0.0 0.9382500052452087 281.0 1.330428814E12 64280.321888105
181 10.64441897906363 43.66966317873448 0.0 0.0 0.9382500052452087 280.0 1.330428816E12 64282.263541688
182 10.644405987113714 43.669664561748505 0.0 0.0 0.8756999969482422 278.0 1.330428817E12 64283.30784873
183 10.644393498077989 43.669665860943496 0.0 0.0 0.8756999969482422 276.0 1.330428818E12 64284.207321188
184 10.644380589947104 43.669665064662695 0.0 0.0 0.9382500052452087 272.0 1.330428819E12 64285.257098146
185 10.644367597997189 43.66966431029141 0.0 0.0 1.0008000135421753 268.0 1.33042882E12 64286.272673688
186 10.644355025142431 43.66966229863465 0.0 0.0 1.063349962234497 266.0 1.330428821E12 64287.292864021
187 10.644332394003868 43.66966083180159 0.0 0.0 0.8131499886512756 264.0 1.330428823E12 64289.199801646
188 10.644312109798193 43.66966682486236 0.0 0.0 0.6880499720573425 267.0 1.330428825E12 64291.314855146
189 10.644295765087008 43.669664352200925 0.0 0.0 0.8756999969482422 266.0 1.330428826E12 64292.325543147
190 10.644276989623904 43.66966087371111 0.0 0.0 1.1259000301361084 265.0 1.330428827E12 64293.317563563
191 10.644257375970483 43.66965500637889 0.0 0.0 1.1259000301361084 262.0 1.330428828E12 64294.24079548
192 10.644241869449615 43.66965177934617 0.0 0.0 1.0008000135421753 261.0 1.330428829E12 64295.241621397
193 10.644226782023907 43.669649390503764 0.0 0.0 1.063349962234497 261.0 1.33042883E12 64296.319546104
194 10.644213873893023 43.66964859422296 0.0 0.0 1.0008000135421753 263.0 1.330428831E12 64297.209556021
195 10.644201468676329 43.66964884568006 0.0 0.0 1.063349962234497 265.0 1.330428832E12 64298.206845313
196 10.644183866679668 43.66964549291879 0.0 0.0 0.8131499886512756 258.0 1.330428834E12 64300.352511271
197 10.644166516140103 43.66963790729642 0.0 0.0 0.7506000399589539 252.0 1.330428836E12 64302.216617272
198 10.644142460078001 43.66963233333081 0.0 0.0 0.9382500052452087 252.0 1.330428838E12 64304.363322979
199 10.64413072541356 43.669628854840994 0.0 0.0 0.9382500052452087 250.0 1.330428839E12 64305.222784688
200 10.644119577482343 43.66962453816086 0.0 0.0 1.063349962234497 247.0 1.33042884E12 64306.267856521
201 10.644098874181509 43.66961439605802 0.0 0.0 0.9382500052452087 241.0 1.330428842E12 64308.204976604
202 10.644078757613897 43.66960505023599 0.0 0.0 1.0008000135421753 237.0 1.330428844E12 64310.354136688
203 10.64405688084662 43.66958656813949 0.0 0.0 1.376099944114685 226.0 1.330428846E12 64312.223324896
204 10.644042380154133 43.669577641412616 0.0 0.0 1.376099944114685 223.0 1.330428847E12 64313.233214521
205 10.644028382375836 43.669568756595254 0.0 0.0 0.9382500052452087 217.0 1.330428849E12 64315.277291646
206 10.644023017957807 43.66956037469208 0.0 0.0 1.0008000135421753 215.0 1.33042885E12 64316.211328813
207 10.644006924703717 43.6695516994223 0.0 0.0 1.063349962234497 223.0 1.330428852E12 64318.324853854
208 10.643992340192199 43.66954084485769 0.0 0.0 1.0008000135421753 224.0 1.330428854E12 64320.211299646
209 10.643982784822583 43.669532923959196 0.0 0.0 0.8756999969482422 222.0 1.330428856E12 64322.22018948
210 10.64397482201457 43.669524542056024 0.0 0.0 1.063349962234497 213.0 1.330428859E12 64325.291353438
211 10.643959315493703 43.66951196920127 0.0 0.0 1.0008000135421753 216.0 1.330428861E12 64327.27360398
212 10.643949843943119 43.66950568277389 0.0 0.0 0.9382500052452087 218.0 1.330428862E12 64328.275081812
213 10.643941462039948 43.66949901916087 0.0 0.0 0.9382500052452087 217.0 1.330428863E12 64329.222110813
214 10.643927296623588 43.66948409937322 0.0 0.0 1.1884499788284302 212.0 1.330428865E12 64331.234170604
215 10.643916232511401 43.66946972440928 0.0 0.0 0.9382500052452087 207.0 1.330428867E12 64333.232018605
216 10.643908102065325 43.66946197114885 0.0 0.0 0.8756999969482422 197.0 1.33042887E12 64336.219653271
217 10.643902570009232 43.669453002512455 0.0 0.0 1.063349962234497 199.0 1.330428871E12 64337.277500896
218 10.643896367400885 43.669433472678065 0.0 0.0 1.1259000301361084 195.0 1.330428873E12 64339.217709188
219 10.643894774839282 43.6694221990183 0.0 0.0 1.1259000301361084 192.0 1.330428874E12 64340.244431938
220 10.64388982951641 43.66940539330244 0.0 0.0 0.9382500052452087 190.0 1.330428876E12 64342.294101646
221 10.643902318552136 43.66939881350845 0.0 0.0 0.9382500052452087 181.0 1.33042888E12 64346.280484729
222 10.643910616636276 43.6693910183385 0.0 0.0 0.8131499886512756 174.0 1.330428882E12 64348.298881563
223 10.643911538645625 43.66937697865069 0.0 0.0 0.9382500052452087 177.0 1.330428884E12 64350.267365771
224 10.64389762468636 43.66936767473817 0.0 0.0 0.7506000399589539 182.0 1.330428886E12 64352.206539438
225 10.64389267936349 43.6693548085168 0.0 0.0 0.9382500052452087 179.0 1.330428887E12 64353.267414313
226 10.643904833123088 43.6693437024951 0.0 0.0 0.9382500052452087 168.0 1.330428889E12 64355.20771823
227 10.643912125378847 43.669334230944514 0.0 0.0 1.1884499788284302 165.0 1.33042889E12 64356.240152605
228 10.643919249996543 43.66932610049844 0.0 0.0 1.0008000135421753 163.0 1.330428891E12 64357.269079354
229 10.64393081702292 43.66931130643934 0.0 0.0 0.9382500052452087 164.0 1.330428893E12 64359.217649563
230 10.643935929983854 43.6693030083552 0.0 0.0 0.9382500052452087 168.0 1.330428894E12 64360.294106146
231 10.643940707668662 43.66929458454251 0.0 0.0 1.0008000135421753 171.0 1.330428895E12 64361.315938646
232 10.643945736810565 43.66928067058325 0.0 0.0 1.1259000301361084 173.0 1.330428897E12 64363.270867605
233 10.64395529218018 43.66926767863333 0.0 0.0 0.9382500052452087 171.0 1.330428899E12 64365.216357313
234 10.643963338807225 43.6692607216537 0.0 0.0 0.9382500052452087 168.0 1.3304289E12 64366.249125229
235 10.643968535587192 43.66925254929811 0.0 0.0 1.1259000301361084 169.0 1.330428901E12 64367.284199479
236 10.643972307443619 43.66924119181931 0.0 0.0 1.376099944114685 170.0 1.330428902E12 64368.313154563
237 10.643971636891365 43.66923037916422 0.0 0.0 1.4386500120162964 174.0 1.330428903E12 64369.232851938
238 10.64397088252008 43.66921914741397 0.0 0.0 1.1259000301361084 176.0 1.330428904E12 64370.25349823
239 10.643967697396874 43.669207748025656 0.0 0.0 1.1259000301361084 178.0 1.330428905E12 64371.299716438
240 10.643967362120748 43.669197438284755 0.0 0.0 1.2510000467300415 179.0 1.330428906E12 64372.313642688
241 10.643970798701048 43.66918352432549 0.0 0.0 1.1259000301361084 174.0 1.330428908E12 64374.269468438
242 10.643972223624587 43.66917359177023 0.0 0.0 1.3135499954223633 174.0 1.330428909E12 64375.312745312
243 10.643970295786858 43.66916370112449 0.0 0.0 1.3135499954223633 176.0 1.33042891E12 64376.240720604
244 10.64396996051073 43.66915205027908 0.0 0.0 0.8756999969482422 177.0 1.330428913E12 64379.261964896
245 10.643975995481014 43.669136837124825 0.0 0.0 1.0008000135421753 168.0 1.330428918E12 64384.214491229
246 10.643978174775839 43.6691269883886 0.0 0.0 1.1259000301361084 169.0 1.330428919E12 64385.254650979
247 10.643980270251632 43.66911739110947 0.0 0.0 1.0008000135421753 169.0 1.33042892E12 64386.315819272
248 10.643982449546456 43.66910682991147 0.0 0.0 1.1259000301361084 168.0 1.330428921E12 64387.219073438
249 10.643987311050296 43.669095137156546 0.0 0.0 1.2510000467300415 167.0 1.330428922E12 64388.243859688
250 10.643989238888025 43.669083612039685 0.0 0.0 1.2510000467300415 168.0 1.330428923E12 64389.280556396
251 10.643991334363818 43.669073302298784 0.0 0.0 1.1259000301361084 168.0 1.330428924E12 64390.287369771
252 10.643994687125087 43.669064082205296 0.0 0.0 1.0008000135421753 170.0 1.330428925E12 64391.331739146
253 10.64400164410472 43.66905658040196 0.0 0.0 0.7506000399589539 169.0 1.330428926E12 64392.228906105
254 10.644003320485353 43.66903730202466 0.0 0.0 1.0008000135421753 170.0 1.330428928E12 64394.366109438
255 10.644002817571163 43.6690241843462 0.0 0.0 1.2510000467300415 168.0 1.330428929E12 64395.21366923
256 10.644002733752131 43.669010857120156 0.0 0.0 1.2510000467300415 171.0 1.33042893E12 64396.233057855
257 10.644000303000212 43.66899937391281 0.0 0.0 1.063349962234497 173.0 1.330428931E12 64397.253789438
258 10.643986137583852 43.66899836808443 0.0 0.0 0.6255000233650208 181.0 1.330428934E12 64400.252010063
259 10.643972726538777 43.66898156236857 0.0 0.0 0.6880499720573425 185.0 1.330428936E12 64402.285932188
260 10.643964260816574 43.66896542720497 0.0 0.0 0.6880499720573425 181.0 1.330428939E12 64405.23145148
261 10.643969625234604 43.66895591374487 0.0 0.0 0.8756999969482422 180.0 1.33042894E12 64406.284340313
262 10.643971133977175 43.6689454363659 0.0 0.0 0.8756999969482422 181.0 1.330428941E12 64407.216742563
263 10.643973648548126 43.66893445607275 0.0 0.0 1.063349962234497 182.0 1.330428942E12 64408.204557438
264 10.643973145633936 43.668924774974585 0.0 0.0 0.9382500052452087 183.0 1.330428943E12 64409.240997688
265 10.643971553072333 43.66891463287175 0.0 0.0 0.8756999969482422 182.0 1.330428944E12 64410.27362398
266 10.643971469253302 43.66890415549278 0.0 0.0 0.8756999969482422 178.0 1.330428945E12 64411.284035729
267 10.643971217796206 43.66889342665672 0.0 0.0 0.8756999969482422 176.0 1.330428946E12 64412.242373438
268 10.64397188834846 43.668880769982934 0.0 0.0 1.0008000135421753 177.0 1.330428947E12 64413.246333188
269 10.643971804529428 43.66886723320931 0.0 0.0 1.1259000301361084 175.0 1.330428948E12 64414.33285173
270 10.643968535587192 43.668858096934855 0.0 0.0 0.6880499720573425 173.0 1.330428951E12 64417.239628229
271 10.643969541415572 43.668845859356225 0.0 0.0 1.0008000135421753 173.0 1.330428952E12 64418.313247063
272 10.64396996051073 43.66883345413953 0.0 0.0 1.1259000301361084 175.0 1.330428953E12 64419.230242813
273 10.643969625234604 43.668820671737194 0.0 0.0 1.1259000301361084 176.0 1.330428954E12 64420.257097313
274 10.64396945759654 43.66881019435823 0.0 0.0 1.063349962234497 176.0 1.330428955E12 64421.289321479
275 10.64396996051073 43.66879896260798 0.0 0.0 1.1259000301361084 175.0 1.330428956E12 64422.232124105
276 10.643968787044287 43.66878986824304 0.0 0.0 0.8756999969482422 176.0 1.330428957E12 64423.226861938
277 10.643967278301716 43.66878048051149 0.0 0.0 0.6255000233650208 178.0 1.330428958E12 64424.265032438
278 10.643966104835272 43.66877071559429 0.0 0.0 0.8131499886512756 179.0 1.330428959E12 64425.286938187
279 10.643966104835272 43.6687609506771 0.0 0.0 1.0008000135421753 177.0 1.33042896E12 64426.221188771
280 10.643966943025589 43.668751562945545 0.0 0.0 0.8131499886512756 174.0 1.330428961E12 64427.237691938
281 10.643960069864988 43.66874196566641 0.0 0.0 0.8131499886512756 177.0 1.330428962E12 64428.286153272
282 10.643959315493703 43.66873287130147 0.0 0.0 0.6255000233650208 177.0 1.330428963E12 64429.288263063
