4 10.64379989169538 43.66870965342969 0.0 0.0 0.4378499984741211 148.0 1.330594813E12 443.33873517
5 10.643797041848302 43.66869159042835 0.0 0.0 0.6255000233650208 165.0 1.330594817E12 447.313020295
6 10.643795365467668 43.66867788601667 0.0 0.0 0.5629500150680542 167.0 1.33059482E12 450.366231253
7 10.64379251562059 43.66866497788578 0.0 0.0 0.6255000233650208 168.0 1.330594822E12 452.322530712
8 10.64379352144897 43.66865010000765 0.0 0.0 0.9382500052452087 168.0 1.330594824E12 454.470067003
9 10.643796287477016 43.668633797205985 0.0 0.0 1.0008000135421753 168.0 1.330594826E12 456.403141253
10 10.64379796385765 43.668623571284115 0.0 0.0 1.1259000301361084 167.0 1.330594827E12 457.254787253
11 10.643799472600222 43.66861351300031 0.0 0.0 1.1259000301361084 167.0 1.330594828E12 458.280048087
12 10.643802490085363 43.66860295180231 0.0 0.0 1.1884499788284302 166.0 1.330594829E12 459.326239462
13 10.643805172294378 43.668593019247055 0.0 0.0 1.063349962234497 165.0 1.33059483E12 460.236263962
14 10.64380869269371 43.66858338005841 0.0 0.0 1.0008000135421753 165.0 1.330594831E12 461.243408462
15 10.643812632188201 43.668573279865086 0.0 0.0 1.063349962234497 164.0 1.330594832E12 462.403888961
16 10.643819505348802 43.668562048114836 0.0 0.0 1.1884499788284302 162.0 1.330594833E12 463.315486378
17 10.643825121223927 43.668552241288126 0.0 0.0 1.1259000301361084 160.0 1.330594834E12 464.25427742
18 10.64383216202259 43.66854310501367 0.0 0.0 1.063349962234497 157.0 1.330594835E12 465.25254942
19 10.643837610259652 43.668534639291465 0.0 0.0 1.0008000135421753 156.0 1.330594836E12 466.258965253
20 10.64384775236249 43.66851842030883 0.0 0.0 1.1259000301361084 155.0 1.330594838E12 468.238424587
21 10.643857726827264 43.66850375197828 0.0 0.0 1.0008000135421753 151.0 1.33059484E12 470.29583067
22 10.643865521997213 43.66849566344172 0.0 0.0 1.1259000301361084 150.0 1.330594841E12 471.300817753
23 10.643872311338782 43.66848782636225 0.0 0.0 1.1259000301361084 149.0 1.330594842E12 472.311003794
24 10.643880441784859 43.6684792349115 0.0 0.0 1.1884499788284302 148.0 1.330594843E12 473.49403517
25 10.64388974569738 43.66846934426576 0.0 0.0 1.1884499788284302 145.0 1.330594844E12 474.243327087
26 10.643900390714407 43.668458657339215 0.0 0.0 1.1884499788284302 142.0 1.330594845E12 475.271711087
27 10.643911538645625 43.668450065888464 0.0 0.0 1.1884499788284302 140.0 1.330594846E12 476.314705253
28 10.6439215131104 43.66844214498997 0.0 0.0 1.063349962234497 139.0 1.330594847E12 477.32488592
29 10.643930565565825 43.66843414027244 0.0 0.0 1.063349962234497 139.0 1.330594848E12 478.414721503
30 10.643940456211567 43.66842655465007 0.0 0.0 1.1884499788284302 137.0 1.330594849E12 479.231718295
31 10.643951687961817 43.66841905284673 0.0 0.0 1.2510000467300415 135.0 1.33059485E12 480.260878962
32 10.64396359026432 43.66841184441 0.0 0.0 1.2510000467300415 133.0 1.330594851E12 481.306858503
33 10.643975492566824 43.6684049712494 0.0 0.0 1.1884499788284302 132.0 1.330594852E12 482.32345542
34 10.643987730145454 43.66839813999832 0.0 0.0 1.1884499788284302 130.0 1.330594853E12 483.256352753
35 10.64399971626699 43.66839156020433 0.0 0.0 1.1884499788284302 130.0 1.330594854E12 484.289038836
36 10.644012121483684 43.66838493850082 0.0 0.0 1.2510000467300415 128.0 1.330594855E12 485.376972795
37 10.644025281071663 43.66837856825441 0.0 0.0 1.2510000467300415 126.0 1.330594856E12 486.243504128
38 10.644039195030928 43.668372659012675 0.0 0.0 1.2510000467300415 124.0 1.330594857E12 487.25913342
39 10.644052606076002 43.6683671688661 0.0 0.0 1.1884499788284302 123.0 1.330594858E12 488.43638567
40 10.644064424559474 43.66836201399565 0.0 0.0 1.1884499788284302 123.0 1.330594859E12 489.259649045
41 10.644075907766819 43.66835744585842 0.0 0.0 1.1259000301361084 121.0 1.33059486E12 490.310467629
42 10.644088983535767 43.668352919630706 0.0 0.0 1.1884499788284302 120.0 1.330594861E12 491.246185295
43 10.644102729856968 43.66834885440767 0.0 0.0 1.1259000301361084 116.0 1.330594862E12 492.264971295
44 10.644116140902042 43.66834516637027 0.0 0.0 1.1259000301361084 116.0 1.330594863E12 493.284928586
45 10.644128378480673 43.66834122687578 0.0 0.0 1.1259000301361084 115.0 1.330594864E12 494.323935128
46 10.644142795354128 43.66833732929081 0.0 0.0 1.1884499788284302 113.0 1.330594865E12 495.366093711
47 10.644158134236932 43.66833389271051 0.0 0.0 1.1884499788284302 112.0 1.330594866E12 496.249494878
48 10.644173305481672 43.66833024658263 0.0 0.0 1.2510000467300415 111.0 1.330594867E12 497.30010017
49 10.644188728183508 43.66832676809281 0.0 0.0 1.1259000301361084 110.0 1.330594868E12 498.22365892
50 10.644202725961804 43.668325217440724 0.0 0.0 1.063349962234497 105.0 1.330594869E12 499.260057128
51 10.644217561930418 43.66832442115992 0.0 0.0 1.1259000301361084 103.0 1.33059487E12 500.31931092
52 10.644232146441936 43.66832312196493 0.0 0.0 1.1884499788284302 101.0 1.330594871E12 501.233978086
53 10.644246730953455 43.66832245141268 0.0 0.0 1.1259000301361084 99.0 1.330594872E12 502.23968142
54 10.644260477274656 43.66832270286977 0.0 0.0 1.1259000301361084 96.0 1.330594873E12 503.252405503
55 10.644276151433587 43.668322493322194 0.0 0.0 1.1884499788284302 95.0 1.330594874E12 504.290735586
56 10.644290819764137 43.66832211613655 0.0 0.0 1.1884499788284302 94.0 1.330594875E12 505.243996503
57 10.644305488094687 43.66832245141268 0.0 0.0 1.1259000301361084 92.0 1.330594876E12 506.330281336
58 10.64432074315846 43.66832261905074 0.0 0.0 1.2510000467300415 91.0 1.330594877E12 507.339919753
59 10.644335998222232 43.668322367593646 0.0 0.0 1.1259000301361084 92.0 1.330594878E12 508.343976211
60 10.644350247457623 43.66832253523171 0.0 0.0 1.1259000301361084 92.0 1.330594879E12 509.252072545
61 10.644364412873983 43.66832345724106 0.0 0.0 1.1884499788284302 90.0 1.33059488E12 510.495295128
62 10.64438033849001 43.668325301259756 0.0 0.0 1.1884499788284302 87.0 1.330594881E12 511.22977392
63 10.64439550973475 43.66832760628313 0.0 0.0 1.1884499788284302 84.0 1.330594882E12 512.28807442
64 10.64441068097949 43.668330078944564 0.0 0.0 1.1884499788284302 82.0 1.330594883E12 513.314456795
65 10.644424511119723 43.6683333478868 0.0 0.0 1.1259000301361084 79.0 1.330594884E12 514.318142045
66 10.644437922164798 43.66833665873855 0.0 0.0 1.1259000301361084 78.0 1.330594885E12 515.234599253
67 10.64445175230503 43.668340388685465 0.0 0.0 1.1259000301361084 75.0 1.330594886E12 516.25739317
68 10.644465666264296 43.66834369953722 0.0 0.0 1.1884499788284302 75.0 1.330594887E12 517.308562003
69 10.644479496404529 43.668347261846066 0.0 0.0 1.063349962234497 74.0 1.330594888E12 518.335309337
70 10.644493494182825 43.668351704254746 0.0 0.0 1.1884499788284302 71.0 1.330594889E12 519.230096045
71 10.644507324323058 43.66835644003004 0.0 0.0 1.1884499788284302 69.0 1.33059489E12 520.335819128
72 10.64452056773007 43.66836146917194 0.0 0.0 1.1259000301361084 67.0 1.330594891E12 521.30717642
73 10.644533559679985 43.66836762987077 0.0 0.0 1.2510000467300415 64.0 1.330594892E12 522.309829336
74 10.644549317657948 43.66837345529348 0.0 0.0 1.2510000467300415 63.0 1.330594893E12 523.329331128
75 10.64456314779818 43.66837978363037 0.0 0.0 1.1884499788284302 60.0 1.330594894E12 524.339214711
76 10.644576223567128 43.66838640533388 0.0 0.0 1.1884499788284302 58.0 1.330594895E12 525.234118628
77 10.644586952403188 43.668393697589636 0.0 0.0 1.1884499788284302 55.0 1.330594896E12 526.25080742
78 10.64459877088666 43.66840115748346 0.0 0.0 1.2510000467300415 53.0 1.330594897E12 527.284767628
79 10.64461201429367 43.668408072553575 0.0 0.0 1.2510000467300415 53.0 1.330594898E12 528.266163337
80 10.64462467096746 43.66841481998563 0.0 0.0 1.2510000467300415 53.0 1.330594899E12 529.283001712
81 10.6446364056319 43.6684221541509 0.0 0.0 1.2510000467300415 52.0 1.3305949E12 530.31500417
82 10.644646547734737 43.66843099705875 0.0 0.0 1.1884499788284302 49.0 1.330594901E12 531.342061045
83 10.644657528027892 43.66844021715224 0.0 0.0 1.1884499788284302 47.0 1.330594902E12 532.27074717
84 10.644666664302349 43.668449060060084 0.0 0.0 1.1259000301361084 44.0 1.330594903E12 533.285314879
85 10.644676387310028 43.66845727432519 0.0 0.0 1.1884499788284302 43.0 1.330594904E12 534.226208045
86 10.644684685394168 43.6684662848711 0.0 0.0 1.1259000301361084 40.0 1.330594905E12 535.268936378
87 10.644693151116371 43.66847487632185 0.0 0.0 1.1259000301361084 38.0 1.330594906E12 536.289968961
88 10.644700862467289 43.66848438978195 0.0 0.0 1.1884499788284302 38.0 1.330594907E12 537.323567628
89 10.644707484170794 43.66849398706108 0.0 0.0 1.063349962234497 36.0 1.330594908E12 538.266746753
90 10.644715027883649 43.66850253660232 0.0 0.0 1.1259000301361084 36.0 1.330594909E12 539.329244128
91 10.64472190104425 43.66851255297661 0.0 0.0 1.1884499788284302 36.0 1.33059491E12 540.234682253
92 10.644728858023882 43.668523826636374 0.0 0.0 1.376099944114685 34.0 1.330594911E12 541.264619003
93 10.644734976813197 43.66853489074856 0.0 0.0 1.2510000467300415 31.0 1.330594912E12 542.330816878
94 10.644739335402846 43.66854612249881 0.0 0.0 1.1884499788284302 27.0 1.330594913E12 543.233195878
95 10.644741682335734 43.668557186611 0.0 0.0 1.1259000301361084 24.0 1.330594914E12 544.263648795
96 10.644743693992496 43.66856837645173 0.0 0.0 1.1259000301361084 22.0 1.330594915E12 545.29610917
97 10.644747382029891 43.668578853830695 0.0 0.0 1.1259000301361084 20.0 1.330594916E12 546.304077836
98 10.644752159714699 43.66858912166208 0.0 0.0 1.1884499788284302 18.0 1.330594917E12 547.326027545
99 10.644755512475967 43.66859964095056 0.0 0.0 1.1259000301361084 16.0 1.330594918E12 548.325880004
100 10.644757943227887 43.66861116606742 0.0 0.0 1.2510000467300415 13.0 1.330594919E12 549.356311628
101 10.644759619608521 43.66862281691283 0.0 0.0 1.3135499954223633 11.0 1.33059492E12 550.247685045
102 10.644762134179473 43.6686348868534 0.0 0.0 1.2510000467300415 10.0 1.330594921E12 551.285357711
103 10.644764732569456 43.66864641197026 0.0 0.0 1.1884499788284302 9.0 1.330594922E12 552.283522128
104 10.644766995683312 43.66865730844438 0.0 0.0 1.1884499788284302 7.0 1.330594923E12 553.349512545
105 10.644769258797169 43.6686674086377 0.0 0.0 1.1259000301361084 7.0 1.330594924E12 554.270649629
106 10.644769426435232 43.66867776028812 0.0 0.0 1.1884499788284302 4.0 1.330594925E12 555.246861962
107 10.644769174978137 43.66868865676224 0.0 0.0 1.1884499788284302 2.0 1.330594926E12 556.30305242
108 10.644767750054598 43.6687004333362 0.0 0.0 1.1884499788284302 0.0 1.330594927E12 557.306379962
109 10.644766492769122 43.668711706995964 0.0 0.0 1.1884499788284302 0.0 1.330594928E12 558.216448045
110 10.644765822216868 43.66872218437493 0.0 0.0 1.1259000301361084 359.0 1.330594929E12 559.271308462
111 10.644764481112361 43.668731614016 0.0 0.0 0.9382500052452087 359.0 1.33059493E12 560.333882878
112 10.644763810560107 43.668741253204644 0.0 0.0 1.0008000135421753 0.0 1.330594931E12 561.23046267
113 10.644763810560107 43.6687519820407 0.0 0.0 1.1259000301361084 1.0 1.330594932E12 562.258969128
114 10.644762804731727 43.66876346524805 0.0 0.0 1.2510000467300415 359.0 1.330594933E12 563.290973544
115 10.644761212170124 43.66877519991249 0.0 0.0 1.2510000467300415 358.0 1.330594934E12 564.316131044
116 10.64476003870368 43.66878651548177 0.0 0.0 1.1884499788284302 358.0 1.330594935E12 565.33919292
117 10.644760625436902 43.66879753768444 0.0 0.0 1.1884499788284302 359.0 1.330594936E12 566.232509128
118 10.644761295989156 43.66880726069212 0.0 0.0 1.0008000135421753 359.0 1.330594937E12 567.271140753
119 10.64476104453206 43.6688167322427 0.0 0.0 1.063349962234497 358.0 1.330594938E12 568.28615517
120 10.644760457798839 43.6688280897215 0.0 0.0 1.1884499788284302 358.0 1.330594939E12 569.314418378
121 10.644759200513363 43.66884015966207 0.0 0.0 1.1259000301361084 357.0 1.33059494E12 570.359475878
122 10.64475861378014 43.66885038558394 0.0 0.0 1.063349962234497 358.0 1.330594941E12 571.248828753
123 10.644758362323046 43.66886111442 0.0 0.0 1.1259000301361084 358.0 1.330594942E12 572.321903462
124 10.644758027046919 43.668872974812984 0.0 0.0 1.1259000301361084 359.0 1.330594943E12 573.304204461
125 10.64475811086595 43.66888445802033 0.0 0.0 1.1884499788284302 0.0 1.330594944E12 574.344996378
126 10.644758027046919 43.66889527067542 0.0 0.0 1.1884499788284302 359.0 1.330594945E12 575.348737878
127 10.64475710503757 43.66890692152083 0.0 0.0 1.2510000467300415 358.0 1.330594946E12 576.25975342
128 10.644756183028221 43.66891832090914 0.0 0.0 1.1884499788284302 358.0 1.330594947E12 577.290031504
129 10.644754925742745 43.66892946884036 0.0 0.0 1.1259000301361084 357.0 1.330594948E12 578.287441795
130 10.64475517719984 43.66894049104303 0.0 0.0 1.1884499788284302 358.0 1.330594949E12 579.259121961
131 10.644755093380809 43.668951890431345 0.0 0.0 1.1884499788284302 359.0 1.33059495E12 580.267036462
132 10.64475568011403 43.668963206000626 0.0 0.0 1.1884499788284302 0.0 1.330594951E12 581.271985295
133 10.644755596295 43.66897427011281 0.0 0.0 1.1884499788284302 359.0 1.330594952E12 582.302668962
134 10.64475467428565 43.668985166586936 0.0 0.0 1.1884499788284302 356.0 1.330594953E12 583.249119336
135 10.644753919914365 43.66899606306106 0.0 0.0 1.1884499788284302 357.0 1.330594954E12 584.287836295
136 10.644751656800508 43.66900796536356 0.0 0.0 1.1259000301361084 357.0 1.330594955E12 585.296629712
137 10.644750315696001 43.66901932284236 0.0 0.0 1.1259000301361084 358.0 1.330594956E12 586.249508461
138 10.644750567153096 43.669029884040356 0.0 0.0 1.1259000301361084 0.0 1.330594957E12 587.291659378
139 10.644750818610191 43.6690397746861 0.0 0.0 1.063349962234497 359.0 1.330594958E12 588.321415045
140 10.644751070067286 43.669050126336515 0.0 0.0 1.1884499788284302 358.0 1.330594959E12 589.34694917
141 10.644752327352762 43.669059933163226 0.0 0.0 1.1259000301361084 359.0 1.33059496E12 590.263337378
142 10.644751908257604 43.669070661999285 0.0 0.0 1.1884499788284302 359.0 1.330594961E12 591.258168545
143 10.644752411171794 43.669079672545195 0.0 0.0 1.1259000301361084 359.0 1.330594962E12 592.269725753
144 10.644751908257604 43.669090401381254 0.0 0.0 1.1259000301361084 359.0 1.330594963E12 593.346781003
145 10.644752997905016 43.66910054348409 0.0 0.0 1.063349962234497 359.0 1.330594964E12 594.25118892
146 10.644753919914365 43.66911089513451 0.0 0.0 1.063349962234497 0.0 1.330594965E12 595.282322462
147 10.644752830266953 43.66912082768977 0.0 0.0 1.063349962234497 357.0 1.330594966E12 596.318407503
148 10.644751656800508 43.66913101170212 0.0 0.0 1.063349962234497 357.0 1.330594967E12 597.322134962
149 10.644751153886318 43.66914065089077 0.0 0.0 1.0008000135421753 358.0 1.330594968E12 598.339341628
150 10.644750315696001 43.669151295907795 0.0 0.0 1.0008000135421753 358.0 1.330594969E12 599.238984253
151 10.644749393686652 43.66916290484369 0.0 0.0 1.063349962234497 358.0 1.33059497E12 600.283005587
152 10.644748220220208 43.66917380131781 0.0 0.0 1.063349962234497 358.0 1.330594971E12 601.299226545
153 10.644747549667954 43.6691846139729 0.0 0.0 1.063349962234497 358.0 1.330594972E12 602.232700253
154 10.644745789468288 43.66919668391347 0.0 0.0 1.1259000301361084 357.0 1.330594973E12 603.26077392
155 10.644744783639908 43.66920778993517 0.0 0.0 1.063349962234497 357.0 1.330594974E12 604.28051467
156 10.644744029268622 43.66921755485237 0.0 0.0 1.063349962234497 358.0 1.330594975E12 605.302133003
157 10.644743526354432 43.66922836750746 0.0 0.0 1.063349962234497 357.0 1.330594976E12 606.30132642
158 10.644742185249925 43.669239222072065 0.0 0.0 1.1884499788284302 356.0 1.330594977E12 607.320490504
159 10.644740341231227 43.66925091482699 0.0 0.0 1.1884499788284302 356.0 1.330594978E12 608.240565253
160 10.644739335402846 43.66926252376288 0.0 0.0 1.1259000301361084 357.0 1.330594979E12 609.275801295
161 10.644739670678973 43.66927329450846 0.0 0.0 1.1259000301361084 358.0 1.33059498E12 610.30880792
162 10.644738413393497 43.669283939525485 0.0 0.0 1.063349962234497 358.0 1.330594981E12 611.335334711
163 10.644737323746085 43.66929320152849 0.0 0.0 1.1259000301361084 356.0 1.330594982E12 612.251517712
164 10.644737323746085 43.66930393036455 0.0 0.0 1.1259000301361084 357.0 1.330594983E12 613.274225628
165 10.644736653193831 43.669313779100776 0.0 0.0 0.8756999969482422 357.0 1.330594984E12 614.338867586
166 10.644733551889658 43.669323627837 0.0 0.0 1.063349962234497 358.0 1.330594985E12 615.239492961
167 10.644732294604182 43.66933490149677 0.0 0.0 1.1884499788284302 0.0 1.330594986E12 616.248444545
168 10.644731121137738 43.66934588178992 0.0 0.0 1.1259000301361084 0.0 1.330594987E12 617.310655212
169 10.644730534404516 43.669357490725815 0.0 0.0 1.1884499788284302 0.0 1.330594988E12 618.338985961
170 10.644729696214199 43.669368722476065 0.0 0.0 1.1884499788284302 0.0 1.330594989E12 619.339181753
171 10.644728438928723 43.66938012186438 0.0 0.0 1.1884499788284302 0.0 1.33059499E12 620.245643254
172 10.644727097824216 43.66939131170511 0.0 0.0 1.1259000301361084 0.0 1.330594991E12 621.25821267
173 10.644726008176804 43.66940225008875 0.0 0.0 1.1259000301361084 0.0 1.330594992E12 622.27473617
174 10.644724415615201 43.66941511631012 0.0 0.0 1.1259000301361084 1.0 1.330594993E12 623.28718367
175 10.644722990691662 43.669426809065044 0.0 0.0 1.063349962234497 0.0 1.330594994E12 624.32945492
176 10.64472240395844 43.669438040815294 0.0 0.0 1.1259000301361084 359.0 1.330594995E12 625.343529878
177 10.64471896737814 43.6694496916607 0.0 0.0 1.3135499954223633 354.0 1.330594996E12 626.243453795
178 10.644716117531061 43.66946083959192 0.0 0.0 1.1884499788284302 354.0 1.330594997E12 627.289178753
179 10.644713519141078 43.66947207134217 0.0 0.0 1.1884499788284302 353.0 1.330594998E12 628.311044754
180 10.644710417836905 43.66948330309242 0.0 0.0 1.2510000467300415 352.0 1.330594999E12 629.308223545
181 10.644706478342414 43.669495079666376 0.0 0.0 1.2510000467300415 349.0 1.330595E12 630.262116212
182 10.644703125581145 43.669505724683404 0.0 0.0 1.063349962234497 348.0 1.330595001E12 631.258821503
183 10.644698850810528 43.66951599251479 0.0 0.0 1.1259000301361084 346.0 1.330595002E12 632.298911378
184 10.644694659858942 43.66952642798424 0.0 0.0 1.1259000301361084 346.0 1.330595003E12 633.557201587
185 10.644690301269293 43.66953711491078 0.0 0.0 1.1259000301361084 344.0 1.330595004E12 634.352183753
186 10.644685607403517 43.669548262842 0.0 0.0 1.063349962234497 342.0 1.330595005E12 635.34363917
187 10.64468091353774 43.66955949459225 0.0 0.0 1.1259000301361084 342.0 1.330595006E12 636.258921545
188 10.644675800576806 43.66957060061395 0.0 0.0 1.1259000301361084 341.0 1.330595007E12 637.24780892
189 10.644669849425554 43.66958137135953 0.0 0.0 1.1259000301361084 339.0 1.330595008E12 638.290656461
190 10.644662976264954 43.66959155537188 0.0 0.0 1.1259000301361084 336.0 1.330595009E12 639.33263967
191 10.644655600190163 43.66960106883198 0.0 0.0 1.1259000301361084 335.0 1.33059501E12 640.244975836
192 10.64464763738215 43.66961058229208 0.0 0.0 1.2510000467300415 333.0 1.330595011E12 641.318359962
193 10.644640428945422 43.66962059866637 0.0 0.0 1.1259000301361084 332.0 1.330595012E12 642.326679045
194 10.644631460309029 43.6696301959455 0.0 0.0 1.3135499954223633 330.0 1.330595013E12 643.338723211
195 10.644622324034572 43.669638661667705 0.0 0.0 1.1259000301361084 328.0 1.330595014E12 644.380224712
196 10.644613271579146 43.66964612156153 0.0 0.0 1.1259000301361084 327.0 1.330595015E12 645.256781212
197 10.6446036323905 43.66965391673148 0.0 0.0 1.1259000301361084 324.0 1.330595016E12 646.275777586
198 10.64459390938282 43.66966166999191 0.0 0.0 1.1884499788284302 323.0 1.330595017E12 647.332690795
199 10.644583767279983 43.66966975852847 0.0 0.0 1.1884499788284302 323.0 1.330595018E12 648.221910753
200 10.644573457539082 43.66967797279358 0.0 0.0 1.1884499788284302 321.0 1.330595019E12 649.25117542
201 10.644563231617212 43.66968769580126 0.0 0.0 1.1884499788284302 319.0 1.33059502E12 650.286969253
202 10.644550826400518 43.66969473659992 0.0 0.0 1.1884499788284302 316.0 1.330595021E12 651.339858795
203 10.64453816972673 43.6697018193081 0.0 0.0 1.1884499788284302 314.0 1.330595022E12 652.341005587
204 10.644524674862623 43.66970852483064 0.0 0.0 1.1884499788284302 312.0 1.330595023E12 653.226075586
205 10.644514365121722 43.66971623618156 0.0 0.0 1.063349962234497 313.0 1.330595024E12 654.250914962
206 10.644502965733409 43.66972319316119 0.0 0.0 1.1259000301361084 312.0 1.330595025E12 655.267148295
207 10.644489973783493 43.66972918622196 0.0 0.0 1.1884499788284302 308.0 1.330595026E12 656.287970003
208 10.644476981833577 43.66973471827805 0.0 0.0 1.1259000301361084 306.0 1.330595027E12 657.32878942
209 10.644465163350105 43.66974041797221 0.0 0.0 1.063349962234497 306.0 1.330595028E12 658.336730962
210 10.644453763961792 43.6697459500283 0.0 0.0 1.1259000301361084 303.0 1.330595029E12 659.246467295
211 10.644440688192844 43.669750266708434 0.0 0.0 1.1259000301361084 300.0 1.33059503E12 660.401046461
212 10.644426103681326 43.669754499569535 0.0 0.0 1.1884499788284302 298.0 1.330595031E12 661.249454503
213 10.644412022083998 43.66975877434015 0.0 0.0 1.1884499788284302 298.0 1.330595032E12 662.331818837
214 10.644398778676987 43.66976283956319 0.0 0.0 1.1259000301361084 297.0 1.330595033E12 663.367109753
215 10.644385619089007 43.66976648569107 0.0 0.0 1.1259000301361084 296.0 1.330595034E12 664.26330267
216 10.644371788948774 43.6697702575475 0.0 0.0 1.1884499788284302 293.0 1.330595035E12 665.273029503
217 10.644357455894351 43.669773233123124 0.0 0.0 1.1259000301361084 291.0 1.330595036E12 666.307706087
218 10.644342871382833 43.669775454327464 0.0 0.0 1.1259000301361084 289.0 1.330595037E12 667.33377517
219 10.64432811923325 43.66977704688907 0.0 0.0 1.063349962234497 287.0 1.330595038E12 668.334751545
220 10.644313367083669 43.66977880708873 0.0 0.0 1.1259000301361084 286.0 1.330595039E12 669.271895795
221 10.644298531115055 43.669780399650335 0.0 0.0 1.1259000301361084 284.0 1.33059504E12 670.284083961
222 10.644283527508378 43.66978178266436 0.0 0.0 1.1259000301361084 283.0 1.330595041E12 671.333828128
223 10.644268272444606 43.6697829561308 0.0 0.0 1.1259000301361084 281.0 1.330595042E12 672.240529504
224 10.644253687933087 43.66978341713548 0.0 0.0 1.063349962234497 279.0 1.330595043E12 673.281742628
225 10.644239103421569 43.66978392004967 0.0 0.0 1.1259000301361084 278.0 1.330595044E12 674.29219767
226 10.644223429262638 43.669783333316445 0.0 0.0 1.1884499788284302 275.0 1.330595045E12 675.342014712
227 10.644207252189517 43.669782830402255 0.0 0.0 1.2510000467300415 274.0 1.330595046E12 676.275831211
228 10.644190153107047 43.669781321659684 0.0 0.0 1.1259000301361084 271.0 1.330595047E12 677.28753492
229 10.644173976033926 43.669779687188566 0.0 0.0 1.1884499788284302 270.0 1.330595048E12 678.405923379
230 10.644158720970154 43.66977801080793 0.0 0.0 1.1259000301361084 268.0 1.330595049E12 679.299853003
231 10.644143465906382 43.66977641824633 0.0 0.0 1.1884499788284302 266.0 1.33059505E12 680.317238545
232 10.644128881394863 43.66977440658957 0.0 0.0 1.1259000301361084 265.0 1.330595051E12 681.329771795
233 10.644114380702376 43.669771389104426 0.0 0.0 1.1259000301361084 262.0 1.330595052E12 682.348636628
234 10.64409988000989 43.669767617248 0.0 0.0 1.1884499788284302 259.0 1.330595053E12 683.240261254
235 10.644085966050625 43.66976397112012 0.0 0.0 1.063349962234497 257.0 1.330595054E12 684.264810628
236 10.6440734770149 43.669759863987565 0.0 0.0 1.063349962234497 253.0 1.330595055E12 685.283837295
237 10.644060736522079 43.66975512821227 0.0 0.0 1.1259000301361084 250.0 1.330595056E12 686.30100292
238 10.644047828391194 43.669750057160854 0.0 0.0 1.1259000301361084 248.0 1.330595057E12 687.324306711
239 10.644034668803215 43.66974523756653 0.0 0.0 1.1259000301361084 247.0 1.330595058E12 688.351561128
240 10.64402125775814 43.66973978932947 0.0 0.0 1.1884499788284302 245.0 1.330595059E12 689.261784628
241 10.64400851726532 43.66973413154483 0.0 0.0 1.1259000301361084 244.0 1.33059506E12 690.322019337
242 10.64399627968669 43.66972897667438 0.0 0.0 1.063349962234497 244.0 1.330595061E12 691.335740503
243 10.643984964117408 43.66972281597555 0.0 0.0 1.1259000301361084 242.0 1.330595062E12 692.264564045
244 10.643973732367158 43.66971560753882 0.0 0.0 1.1884499788284302 239.0 1.330595063E12 693.326079004
245 10.643962835893035 43.6697078961879 0.0 0.0 1.1884499788284302 235.0 1.330595064E12 694.343927878
246 10.643951268866658 43.66970043629408 0.0 0.0 1.1259000301361084 232.0 1.330595065E12 695.243244003
247 10.64394012093544 43.66969222202897 0.0 0.0 1.1884499788284302 230.0 1.330595066E12 696.23542492
248 10.643929224461317 43.66968497168273 0.0 0.0 1.1259000301361084 230.0 1.330595067E12 697.264381961
249 10.643917992711067 43.66967742796987 0.0 0.0 1.1259000301361084 229.0 1.330595068E12 698.286050795
250 10.643908940255642 43.66966975852847 0.0 0.0 1.063349962234497 228.0 1.330595069E12 699.309387878
251 10.643898043781519 43.66966229863465 0.0 0.0 1.063349962234497 228.0 1.33059507E12 700.346634503
252 10.643888404592872 43.66965492255986 0.0 0.0 1.063349962234497 225.0 1.330595071E12 701.26265317
253 10.643878262490034 43.66964633110911 0.0 0.0 1.1259000301361084 224.0 1.330595072E12 702.255585003
254 10.643869042396545 43.669638116844 0.0 0.0 1.063349962234497 222.0 1.330595073E12 703.320636961
255 10.64385998994112 43.66962956730276 0.0 0.0 1.063349962234497 220.0 1.330595074E12 704.35315317
256 10.643851608037949 43.66962089203298 0.0 0.0 1.063349962234497 218.0 1.330595075E12 705.316059919
257 10.643842555582523 43.66961129475385 0.0 0.0 1.063349962234497 216.0 1.330595076E12 706.299585086
258 10.643834928050637 43.66960211656988 0.0 0.0 1.063349962234497 214.0 1.330595077E12 707.353026462
259 10.64382679760456 43.669592728838325 0.0 0.0 1.0008000135421753 214.0 1.330595078E12 708.239685836
260 10.64381648786366 43.66958204191178 0.0 0.0 1.1259000301361084 212.0 1.330595079E12 709.313338753
261 10.643809363245964 43.66957194171846 0.0 0.0 1.1259000301361084 211.0 1.33059508E12 710.251867378
262 10.643803244456649 43.66956129670143 0.0 0.0 1.1884499788284302 208.0 1.330595081E12 711.283084128
263 10.64379938878119 43.66955119650811 0.0 0.0 1.1884499788284302 206.0 1.330595082E12 712.281165087
264 10.643793186172843 43.669541138224304 0.0 0.0 1.1884499788284302 205.0 1.330595083E12 713.313302712
265 10.643789079040289 43.66953057702631 0.0 0.0 1.1259000301361084 202.0 1.330595084E12 714.24315767
266 10.643786145374179 43.66951913572848 0.0 0.0 1.1884499788284302 200.0 1.330595085E12 715.378934253
267 10.64378178678453 43.66950840689242 0.0 0.0 1.1884499788284302 197.0 1.330595086E12 716.260407503
268 10.643779020756483 43.66949734278023 0.0 0.0 1.1259000301361084 195.0 1.330595087E12 717.308895503
269 10.643776757642627 43.66948611102998 0.0 0.0 1.1884499788284302 193.0 1.330595088E12 718.349909253
270 10.643774913623929 43.66947433445603 0.0 0.0 1.2510000467300415 191.0 1.330595089E12 719.244937711
271 10.643773069605231 43.66946243215352 0.0 0.0 1.1884499788284302 189.0 1.33059509E12 720.273962003
272 10.643771812319756 43.66945103276521 0.0 0.0 1.1884499788284302 188.0 1.330595091E12 721.311622628
273 10.643770806491375 43.6694393819198 0.0 0.0 1.1884499788284302 185.0 1.330595092E12 722.257523503
274 10.643772231414914 43.66942764725536 0.0 0.0 1.1884499788284302 182.0 1.330595093E12 723.345147587
275 10.643773404881358 43.66941649932414 0.0 0.0 1.1884499788284302 180.0 1.330595094E12 724.265545712
276 10.643775332719088 43.669405141845345 0.0 0.0 1.2510000467300415 178.0 1.330595095E12 725.28313592
277 10.64377591945231 43.669393826276064 0.0 0.0 1.2510000467300415 179.0 1.330595096E12 726.300541212
278 10.643776170909405 43.66938263643533 0.0 0.0 1.1884499788284302 179.0 1.330595097E12 727.33506692
279 10.643777847290039 43.669370859861374 0.0 0.0 1.1884499788284302 179.0 1.330595098E12 728.235044753
280 10.64378086477518 43.66935916710645 0.0 0.0 1.1259000301361084 178.0 1.330595099E12 729.269785795
281 10.643781702965498 43.66934881545603 0.0 0.0 1.1259000301361084 177.0 1.3305951E12 730.310384212
282 10.643782122060657 43.66933825425804 0.0 0.0 1.1884499788284302 176.0 1.330595101E12 731.25241292
283 10.643781954422593 43.66932719014585 0.0 0.0 1.1884499788284302 178.0 1.330595102E12 732.322256003
284 10.643781535327435 43.66931637749076 0.0 0.0 1.1884499788284302 178.0 1.330595103E12 733.251090212
285 10.643782038241625 43.66930606774986 0.0 0.0 1.063349962234497 177.0 1.330595104E12 734.29501367
286 10.643782205879688 43.6692950874567 0.0 0.0 1.2510000467300415 178.0 1.330595105E12 735.330231962
287 10.643780613318086 43.669283143244684 0.0 0.0 1.2510000467300415 180.0 1.330595106E12 736.272272295
288 10.643780278041959 43.66927258204669 0.0 0.0 1.063349962234497 180.0 1.330595107E12 737.25551642
289 10.643782541155815 43.66926080547273 0.0 0.0 1.1884499788284302 177.0 1.330595108E12 738.277305878
290 10.643783044070005 43.669248442165554 0.0 0.0 1.1259000301361084 177.0 1.330595109E12 739.373752295
291 10.643784301355481 43.66923574358225 0.0 0.0 1.1259000301361084 177.0 1.33059511E12 740.355945419
292 10.643786061555147 43.66922388318926 0.0 0.0 1.1884499788284302 177.0 1.330595111E12 741.264313836
293 10.643789246678352 43.669212316162884 0.0 0.0 1.1259000301361084 176.0 1.330595112E12 742.353532753
294 10.643790252506733 43.66920091677457 0.0 0.0 1.1884499788284302 176.0 1.330595113E12 743.342486462
295 10.64379058778286 43.669189852662385 0.0 0.0 1.1884499788284302 175.0 1.330595114E12 744.257177503
296 10.643791174516082 43.66917937528342 0.0 0.0 1.1259000301361084 175.0 1.330595115E12 745.356602628
297 10.643791509792209 43.669169610366225 0.0 0.0 1.1884499788284302 176.0 1.330595116E12 746.375927087
298 10.64379209652543 43.669158294796944 0.0 0.0 1.1884499788284302 176.0 1.330595117E12 747.283301587
299 10.643793605268002 43.66914702113718 0.0 0.0 1.1884499788284302 175.0 1.330595118E12 748.317408253
300 10.643795197829604 43.66913578938693 0.0 0.0 1.1884499788284302 175.0 1.330595119E12 749.342576795
301 10.643797041848302 43.66912426427007 0.0 0.0 1.1884499788284302 176.0 1.33059512E12 750.260562503
302 10.643797125667334 43.66911320015788 0.0 0.0 1.1884499788284302 177.0 1.330595121E12 751.335930087
303 10.643797209486365 43.669102638959885 0.0 0.0 1.1259000301361084 177.0 1.330595122E12 752.36683967
304 10.643797628581524 43.66909228730947 0.0 0.0 1.1259000301361084 176.0 1.330595123E12 753.262905253
305 10.643798047676682 43.66908147465438 0.0 0.0 1.1884499788284302 176.0 1.330595124E12 754.290908879
306 10.643799137324095 43.66907041054219 0.0 0.0 1.1884499788284302 175.0 1.330595125E12 755.33078492
307 10.643799137324095 43.66905951406807 0.0 0.0 1.2510000467300415 176.0 1.330595126E12 756.336682753
308 10.64380039460957 43.66904782131314 0.0 0.0 1.1884499788284302 177.0 1.330595127E12 757.276656087
309 10.643802406266332 43.66903679911047 0.0 0.0 1.1884499788284302 176.0 1.330595128E12 758.283458712
310 10.643801735714078 43.669025232084095 0.0 0.0 1.3135499954223633 178.0 1.330595129E12 759.30031917
311 10.64380181953311 43.66901358123869 0.0 0.0 1.2510000467300415 178.0 1.33059513E12 760.26340317
312 10.643801735714078 43.669003271497786 0.0 0.0 1.1259000301361084 177.0 1.330595131E12 761.266379503
313 10.643800143152475 43.66899199783802 0.0 0.0 1.1884499788284302 177.0 1.330595132E12 762.299946878
314 10.643798131495714 43.66898105945438 0.0 0.0 1.1259000301361084 179.0 1.330595133E12 763.28221117
315 10.643798299133778 43.66897095926106 0.0 0.0 1.1259000301361084 177.0 1.330595134E12 764.30449017
316 10.64379989169538 43.66896060761064 0.0 0.0 1.1259000301361084 176.0 1.330595135E12 765.34009042
317 10.643799640238285 43.66895101033151 0.0 0.0 1.1259000301361084 176.0 1.330595136E12 766.36573342
318 10.643796287477016 43.6689335340634 0.0 0.0 1.063349962234497 176.0 1.330595138E12 768.289775045
319 10.643797041848302 43.66891350131482 0.0 0.0 1.1884499788284302 177.0 1.33059514E12 770.428881711
320 10.643798299133778 43.668902311474085 0.0 0.0 1.1259000301361084 177.0 1.330595141E12 771.264612128
321 10.643799221143126 43.66889175027609 0.0 0.0 1.1259000301361084 177.0 1.330595142E12 772.348494753
322 10.64379989169538 43.668881566263735 0.0 0.0 1.1259000301361084 176.0 1.330595143E12 773.268119378
323 10.643800646066666 43.66887163370848 0.0 0.0 1.1259000301361084 177.0 1.330595144E12 774.355867045
324 10.643800059333444 43.66886140778661 0.0 0.0 1.1259000301361084 178.0 1.330595145E12 775.297774753
325 10.643800646066666 43.66885147523135 0.0 0.0 1.1259000301361084 177.0 1.330595146E12 776.32498467
326 10.64380131661892 43.66884154267609 0.0 0.0 1.1259000301361084 177.0 1.330595147E12 777.342479587
327 10.643801065161824 43.66883135866374 0.0 0.0 1.1259000301361084 179.0 1.330595148E12 778.378058462
328 10.643800646066666 43.6688212165609 0.0 0.0 1.063349962234497 179.0 1.330595149E12 779.27107442
329 10.643800562247634 43.66881128400564 0.0 0.0 1.063349962234497 179.0 1.33059515E12 780.319899211
330 10.643800143152475 43.66880068089813 0.0 0.0 1.1259000301361084 179.0 1.330595151E12 781.359378086
331 10.643800059333444 43.66879058070481 0.0 0.0 1.063349962234497 178.0 1.330595152E12 782.299516253
332 10.64380089752376 43.66878056433052 0.0 0.0 1.1259000301361084 177.0 1.330595153E12 783.320141545
333 10.643801484256983 43.668770380318165 0.0 0.0 1.1259000301361084 178.0 1.330595154E12 784.290500461
334 10.643801651895046 43.66876032203436 0.0 0.0 1.063349962234497 177.0 1.330595155E12 785.310831587
335 10.643802573904395 43.66875072475523 0.0 0.0 1.063349962234497 176.0 1.330595156E12 786.371826087
336 10.643804669380188 43.668741546571255 0.0 0.0 1.063349962234497 177.0 1.330595157E12 787.328585211
337 10.643805507570505 43.66873144637793 0.0 0.0 1.063349962234497 176.0 1.330595158E12 788.258513087
338 10.643805926665664 43.668720507994294 0.0 0.0 1.1259000301361084 176.0 1.330595159E12 789.292584837
339 10.643806932494044 43.66870931815356 0.0 0.0 1.1884499788284302 176.0 1.33059516E12 790.342020545
340 10.643807519227266 43.66869800258428 0.0 0.0 1.1259000301361084 175.0 1.330595161E12 791.322023628
341 10.643807435408235 43.668687106110156 0.0 0.0 1.063349962234497 176.0 1.330595162E12 792.339342711
342 10.64380718395114 43.66867562290281 0.0 0.0 1.063349962234497 175.0 1.330595163E12 793.352498045
343 10.643806178122759 43.668664139695466 0.0 0.0 1.0008000135421753 175.0 1.330595164E12 794.401054045
