4 10.643836855888367 43.668789407238364 0.0 0.0 1.4386500120162964 305.0 1.330612511E12 2709.29690667
5 10.64382428303361 43.66880198009312 0.0 0.0 1.5637500286102295 305.0 1.330612512E12 2710.371094504
6 10.643804334104061 43.66879791487008 0.0 0.0 1.4386500120162964 307.0 1.330612513E12 2711.233365129
7 10.643785977736115 43.66880361456424 0.0 0.0 0.0 307.0 1.330612515E12 2713.173079004
8 10.643817326053977 43.66857709363103 0.0 0.0 0.9382500052452087 259.0 1.330612539E12 2737.24646717
9 10.643826043233275 43.668560036458075 0.0 0.0 0.8756999969482422 203.0 1.330612541E12 2739.178719879
10 10.643831994384527 43.668550942093134 0.0 0.0 0.8756999969482422 189.0 1.330612542E12 2740.226624212
11 10.643841968849301 43.66853417828679 0.0 0.0 0.8756999969482422 169.0 1.330612544E12 2742.340366295
12 10.64384825527668 43.66852449718863 0.0 0.0 1.0008000135421753 162.0 1.330612545E12 2743.167319754
13 10.643854709342122 43.66851636674255 0.0 0.0 0.8131499886512756 158.0 1.330612546E12 2744.238682254
14 10.643862336874008 43.66850878112018 0.0 0.0 0.8131499886512756 150.0 1.330612547E12 2745.274121379
15 10.643879100680351 43.66849490907043 0.0 0.0 0.8756999969482422 144.0 1.330612549E12 2747.218608962
16 10.64388882368803 43.668486694805324 0.0 0.0 0.9382500052452087 144.0 1.33061255E12 2748.262285795
17 10.643897540867329 43.668479695916176 0.0 0.0 0.8756999969482422 141.0 1.330612551E12 2749.186268962
18 10.643908940255642 43.668472319841385 0.0 0.0 0.9382500052452087 137.0 1.330612552E12 2750.21906317
19 10.643920423462987 43.668465949594975 0.0 0.0 1.063349962234497 135.0 1.330612553E12 2751.251513462
20 10.643930984660983 43.66845983080566 0.0 0.0 1.0008000135421753 133.0 1.330612554E12 2752.195815379
21 10.643942467868328 43.66845325101167 0.0 0.0 1.0008000135421753 132.0 1.330612555E12 2753.19476592
22 10.64395378343761 43.6684472579509 0.0 0.0 1.0008000135421753 131.0 1.330612556E12 2754.20207767
23 10.643965853378177 43.66844151634723 0.0 0.0 1.0008000135421753 129.0 1.330612557E12 2755.24447817
24 10.643977839499712 43.66843682248145 0.0 0.0 0.9382500052452087 127.0 1.330612558E12 2756.33121517
25 10.643990999087691 43.66843099705875 0.0 0.0 1.063349962234497 125.0 1.330612559E12 2757.209067837
26 10.644004661589861 43.66842554882169 0.0 0.0 1.1259000301361084 123.0 1.33061256E12 2758.256854295
27 10.644018910825253 43.6684197653085 0.0 0.0 1.063349962234497 122.0 1.330612561E12 2759.196578045
28 10.64403391443193 43.66841419134289 0.0 0.0 1.1259000301361084 120.0 1.330612562E12 2760.36263442
29 10.644053528085351 43.66840631235391 0.0 0.0 1.1884499788284302 120.0 1.330612563E12 2761.209090587
30 10.644069286063313 43.66840036120266 0.0 0.0 1.2510000467300415 119.0 1.330612564E12 2762.218543587
31 10.64408621750772 43.66839399095625 0.0 0.0 1.3135499954223633 118.0 1.330612565E12 2763.279815337
32 10.644101807847619 43.66839034482837 0.0 0.0 1.2510000467300415 114.0 1.330612566E12 2764.233181712
33 10.644114380702376 43.66838841699064 0.0 0.0 0.9382500052452087 111.0 1.330612567E12 2765.257414504
34 10.64412821084261 43.668385399505496 0.0 0.0 1.0008000135421753 109.0 1.330612568E12 2766.28715417
35 10.64414237625897 43.66838351357728 0.0 0.0 1.063349962234497 108.0 1.330612569E12 2767.218850712
36 10.64415905624628 43.668380663730204 0.0 0.0 1.1259000301361084 106.0 1.33061257E12 2768.262343379
37 10.644173054024577 43.66837689187378 0.0 0.0 1.1884499788284302 106.0 1.330612571E12 2769.181244837
38 10.644188895821571 43.66837303619832 0.0 0.0 1.1884499788284302 104.0 1.330612572E12 2770.209994128
39 10.644205994904041 43.66837027017027 0.0 0.0 1.1259000301361084 103.0 1.330612573E12 2771.229319545
40 10.644221752882004 43.66836846806109 0.0 0.0 1.063349962234497 100.0 1.330612574E12 2772.253900545
41 10.644236840307713 43.66836641449481 0.0 0.0 1.1884499788284302 101.0 1.330612575E12 2773.284797128
42 10.644252933561802 43.66836289409548 0.0 0.0 1.1884499788284302 100.0 1.330612576E12 2774.19567317
43 10.644268356263638 43.66836050525308 0.0 0.0 1.1884499788284302 99.0 1.330612577E12 2775.234090129
44 10.64428168348968 43.66836016997695 0.0 0.0 1.063349962234497 96.0 1.330612578E12 2776.238051254
45 10.644296687096357 43.668359206058085 0.0 0.0 1.1884499788284302 94.0 1.330612579E12 2777.212259462
46 10.644313869997859 43.66835782304406 0.0 0.0 1.2510000467300415 93.0 1.33061258E12 2778.182110004
47 10.644330717623234 43.668357194401324 0.0 0.0 1.1259000301361084 91.0 1.330612581E12 2779.221771212
48 10.644343039020896 43.66835912223905 0.0 0.0 1.0008000135421753 88.0 1.330612582E12 2780.239037295
49 10.644366508349776 43.66836151108146 0.0 0.0 1.063349962234497 86.0 1.330612584E12 2782.278358129
50 10.644380087032914 43.66836318746209 0.0 0.0 1.0008000135421753 82.0 1.330612585E12 2783.216141504
51 10.64439307898283 43.66836553439498 0.0 0.0 1.063349962234497 79.0 1.330612586E12 2784.200993795
52 10.644407160580158 43.66836725268513 0.0 0.0 1.1259000301361084 77.0 1.330612587E12 2785.24416867
53 10.644420068711042 43.66836909670383 0.0 0.0 0.9382500052452087 76.0 1.330612588E12 2786.293303295
54 10.644444040954113 43.668375508859754 0.0 0.0 1.063349962234497 71.0 1.33061259E12 2788.454143629
55 10.64445711672306 43.66838087327778 0.0 0.0 1.1259000301361084 69.0 1.330612591E12 2789.245226628
56 10.644471030682325 43.66838405840099 0.0 0.0 1.063349962234497 69.0 1.330612592E12 2790.349482087
57 10.644487291574478 43.66838745307177 0.0 0.0 1.1259000301361084 68.0 1.330612593E12 2791.191493045
58 10.644501205533743 43.66839378140867 0.0 0.0 1.1884499788284302 66.0 1.330612594E12 2792.21036167
59 10.644514532759786 43.66840031929314 0.0 0.0 1.1259000301361084 63.0 1.330612595E12 2793.435541795
60 10.644527608528733 43.66840589325875 0.0 0.0 1.1259000301361084 60.0 1.330612596E12 2794.202733045
61 10.644538924098015 43.668410712853074 0.0 0.0 1.0008000135421753 59.0 1.330612597E12 2795.203721879
62 10.644551999866962 43.66841389797628 0.0 0.0 1.063349962234497 59.0 1.330612598E12 2796.238571004
63 10.644565997645259 43.6684189690277 0.0 0.0 1.1259000301361084 58.0 1.330612599E12 2797.24293867
64 10.64457924105227 43.66842592600733 0.0 0.0 1.1259000301361084 56.0 1.3306126E12 2798.290434212
65 10.644591310992837 43.66843321826309 0.0 0.0 1.1259000301361084 54.0 1.330612601E12 2799.203602045
66 10.644603297114372 43.66843988187611 0.0 0.0 1.1259000301361084 53.0 1.330612602E12 2800.226369004
67 10.64461536705494 43.66844755131751 0.0 0.0 1.063349962234497 53.0 1.330612603E12 2801.270247837
68 10.644626850262284 43.66845647804439 0.0 0.0 1.063349962234497 51.0 1.330612604E12 2802.286868045
69 10.644637662917376 43.66846657823771 0.0 0.0 1.1259000301361084 49.0 1.330612605E12 2803.220871045
70 10.644648559391499 43.66847713943571 0.0 0.0 1.1884499788284302 47.0 1.330612606E12 2804.184860753
71 10.644659791141748 43.66848694626242 0.0 0.0 1.1884499788284302 46.0 1.330612607E12 2805.250726545
72 10.64466968178749 43.66849658545107 0.0 0.0 1.1259000301361084 43.0 1.330612608E12 2806.29731517
73 10.644677812233567 43.66850597318262 0.0 0.0 1.1259000301361084 41.0 1.330612609E12 2807.186659004
74 10.644686026498675 43.66851586382836 0.0 0.0 1.063349962234497 40.0 1.33061261E12 2808.211174837
75 10.644692983478308 43.66852717939764 0.0 0.0 1.063349962234497 39.0 1.330612611E12 2809.258459795
76 10.644699605181813 43.66853753104806 0.0 0.0 1.1259000301361084 36.0 1.330612612E12 2810.282755295
77 10.644705640152097 43.668547505512834 0.0 0.0 1.1259000301361084 33.0 1.330612613E12 2811.193658212
78 10.644710669294 43.668558611534536 0.0 0.0 1.1259000301361084 29.0 1.330612614E12 2812.247607754
79 10.6447141058743 43.668569256551564 0.0 0.0 1.1259000301361084 26.0 1.330612615E12 2813.291762337
80 10.644717207178473 43.66858120076358 0.0 0.0 1.1884499788284302 24.0 1.330612616E12 2814.31015017
81 10.64471947029233 43.6685923486948 0.0 0.0 1.1259000301361084 21.0 1.330612617E12 2815.19469592
82 10.644721733406186 43.668603245168924 0.0 0.0 1.1259000301361084 20.0 1.330612618E12 2816.205302212
83 10.644725924357772 43.668615692295134 0.0 0.0 1.1259000301361084 22.0 1.330612619E12 2817.275213212
84 10.644729360938072 43.66862675640732 0.0 0.0 1.063349962234497 22.0 1.33061262E12 2818.176607045
85 10.644732629880309 43.66863777860999 0.0 0.0 1.0008000135421753 20.0 1.330612621E12 2819.207207629
86 10.64473564736545 43.66864884272218 0.0 0.0 1.063349962234497 19.0 1.330612622E12 2820.222695879
87 10.644738916307688 43.66866024211049 0.0 0.0 1.1884499788284302 19.0 1.330612623E12 2821.256745712
88 10.6447400059551 43.668672353960574 0.0 0.0 1.1884499788284302 17.0 1.330612624E12 2822.366971587
89 10.64474293962121 43.66868320852518 0.0 0.0 1.3135499954223633 17.0 1.330612625E12 2823.265946045
90 10.644745538011193 43.66869485937059 0.0 0.0 1.063349962234497 15.0 1.330612626E12 2824.406069837
91 10.644745705649257 43.66870604921132 0.0 0.0 1.063349962234497 12.0 1.330612627E12 2825.25299642
92 10.644747382029891 43.6687168199569 0.0 0.0 1.063349962234497 11.0 1.330612628E12 2826.278708254
93 10.64474729821086 43.66873521823436 0.0 0.0 0.9382500052452087 7.0 1.33061263E12 2828.445667712
94 10.644746795296669 43.66874565370381 0.0 0.0 1.0008000135421753 5.0 1.330612631E12 2829.32420492
95 10.644744951277971 43.66875516716391 0.0 0.0 1.0008000135421753 3.0 1.330612632E12 2830.190634045
96 10.644745035097003 43.66877214051783 0.0 0.0 0.8756999969482422 3.0 1.330612634E12 2832.354157212
97 10.644747884944081 43.66878136061132 0.0 0.0 0.9382500052452087 8.0 1.330612635E12 2833.215358712
98 10.64475023187697 43.66879049688578 0.0 0.0 0.9382500052452087 10.0 1.330612636E12 2834.278405254
99 10.644750567153096 43.668799926526845 0.0 0.0 0.9382500052452087 9.0 1.330612637E12 2835.300132962
100 10.64474729821086 43.66881656460464 0.0 0.0 1.0008000135421753 9.0 1.330612639E12 2837.249259545
101 10.644746208563447 43.66882934700698 0.0 0.0 1.063349962234497 7.0 1.33061264E12 2838.289697212
102 10.644744448363781 43.66884032730013 0.0 0.0 1.063349962234497 6.0 1.330612641E12 2839.184897503
103 10.644742771983147 43.668849589303136 0.0 0.0 1.0008000135421753 6.0 1.330612642E12 2840.212125212
104 10.644739083945751 43.668866688385606 0.0 0.0 1.1259000301361084 6.0 1.330612644E12 2842.200464795
105 10.644738748669624 43.66887880023569 0.0 0.0 1.1259000301361084 7.0 1.330612645E12 2843.229447003
106 10.64473849721253 43.66888890042901 0.0 0.0 0.9382500052452087 8.0 1.330612646E12 2844.25599092
107 10.644737742841244 43.6688997130841 0.0 0.0 1.063349962234497 8.0 1.330612647E12 2845.185977128
108 10.644735982641578 43.66891098674387 0.0 0.0 1.063349962234497 7.0 1.330612648E12 2846.191641754
109 10.64473464153707 43.668920332565904 0.0 0.0 1.0008000135421753 8.0 1.330612649E12 2847.219872628
110 10.644736485555768 43.668930935673416 0.0 0.0 1.0008000135421753 10.0 1.33061265E12 2848.232106462
111 10.644740425050259 43.66894162259996 0.0 0.0 1.063349962234497 13.0 1.330612651E12 2849.265582087
112 10.6447434425354 43.66895172279328 0.0 0.0 0.9382500052452087 15.0 1.330612652E12 2850.287076879
113 10.644746543839574 43.66896274499595 0.0 0.0 1.063349962234497 13.0 1.330612653E12 2851.192309962
114 10.644748052582145 43.668974773027 0.0 0.0 1.1259000301361084 10.0 1.330612654E12 2852.237489087
115 10.644751572981477 43.66898600477725 0.0 0.0 1.063349962234497 10.0 1.330612655E12 2853.272113629
116 10.644755093380809 43.668996607884765 0.0 0.0 1.0008000135421753 10.0 1.330612656E12 2854.217512004
117 10.644756518304348 43.66900737863034 0.0 0.0 1.063349962234497 10.0 1.330612657E12 2855.199512545
118 10.64475609920919 43.66901844274253 0.0 0.0 1.1259000301361084 8.0 1.330612658E12 2856.222152254
119 10.644753752276301 43.66902975831181 0.0 0.0 1.063349962234497 6.0 1.330612659E12 2857.24116967
120 10.644753752276301 43.66904086433351 0.0 0.0 1.063349962234497 6.0 1.33061266E12 2858.263891337
121 10.644753500819206 43.66905251517892 0.0 0.0 1.1259000301361084 7.0 1.330612661E12 2859.190482212
122 10.64475316554308 43.669063369743526 0.0 0.0 1.0008000135421753 8.0 1.330612662E12 2860.205258337
123 10.644752411171794 43.66907372139394 0.0 0.0 1.0008000135421753 7.0 1.330612663E12 2861.22854492
124 10.644751572981477 43.669084617868066 0.0 0.0 1.063349962234497 8.0 1.330612664E12 2862.27660942
125 10.644750064238906 43.669095556251705 0.0 0.0 1.063349962234497 8.0 1.330612665E12 2863.278704545
126 10.64474293962121 43.66910934448242 0.0 0.0 1.1259000301361084 6.0 1.330612666E12 2864.19619717
127 10.64473849721253 43.66912099532783 0.0 0.0 1.1259000301361084 4.0 1.330612667E12 2865.228899879
128 10.644736485555768 43.66913071833551 0.0 0.0 1.0008000135421753 5.0 1.330612668E12 2866.259726837
129 10.644736653193831 43.66914069280028 0.0 0.0 1.0008000135421753 7.0 1.330612669E12 2867.278709712
130 10.644738245755434 43.66915163118392 0.0 0.0 1.1259000301361084 8.0 1.33061267E12 2868.227264212
131 10.644740341231227 43.66916194092482 0.0 0.0 1.0008000135421753 11.0 1.330612671E12 2869.19045292
132 10.64474143087864 43.66917120292783 0.0 0.0 1.0008000135421753 11.0 1.330612672E12 2870.19837942
133 10.64474193379283 43.66918092593551 0.0 0.0 0.9382500052452087 11.0 1.330612673E12 2871.239547253
134 10.644739586859941 43.669191654771566 0.0 0.0 0.9382500052452087 7.0 1.330612674E12 2872.278054504
135 10.644737491384149 43.669203096069396 0.0 0.0 1.063349962234497 3.0 1.330612675E12 2873.184320795
136 10.644735731184483 43.66921336390078 0.0 0.0 1.1259000301361084 1.0 1.330612676E12 2874.204209462
137 10.644735731184483 43.66922518238425 0.0 0.0 1.1884499788284302 1.0 1.330612677E12 2875.222550795
138 10.644734306260943 43.669237503781915 0.0 0.0 1.1259000301361084 0.0 1.330612678E12 2876.25904242
139 10.644734390079975 43.66925053764135 0.0 0.0 1.2510000467300415 1.0 1.330612679E12 2877.198964504
140 10.644734725356102 43.669264325872064 0.0 0.0 1.3135499954223633 1.0 1.33061268E12 2878.208239545
141 10.64473606646061 43.66927702445537 0.0 0.0 1.1884499788284302 2.0 1.330612681E12 2879.225700253
142 10.644738161936402 43.66929026786238 0.0 0.0 1.3135499954223633 3.0 1.330612682E12 2880.239472878
143 10.644740676507354 43.66930351126939 0.0 0.0 1.376099944114685 3.0 1.330612683E12 2881.293284837
144 10.644743777811527 43.66931646130979 0.0 0.0 1.3135499954223633 3.0 1.330612684E12 2882.200251629
145 10.644744616001844 43.66932978853583 0.0 0.0 1.376099944114685 2.0 1.330612685E12 2883.225417629
146 10.644744448363781 43.66934445686638 0.0 0.0 1.376099944114685 1.0 1.330612686E12 2884.326077129
147 10.644742855802178 43.66935690399259 0.0 0.0 1.2510000467300415 0.0 1.330612687E12 2885.21119892
148 10.64474050886929 43.669370650313795 0.0 0.0 1.4386500120162964 0.0 1.330612688E12 2886.257984462
149 10.644736737012863 43.669381965883076 0.0 0.0 1.2510000467300415 0.0 1.330612689E12 2887.271512712
150 10.644734809175134 43.6693928623572 0.0 0.0 1.1884499788284302 2.0 1.33061269E12 2888.294385087
151 10.644734306260943 43.66940300446004 0.0 0.0 1.1259000301361084 3.0 1.330612691E12 2889.215354129
152 10.64473271369934 43.66941306274384 0.0 0.0 1.063349962234497 3.0 1.330612692E12 2890.241750629
153 10.644731624051929 43.669425593689084 0.0 0.0 1.2510000467300415 3.0 1.330612693E12 2891.272026045
154 10.64472827129066 43.669437328353524 0.0 0.0 1.2510000467300415 2.0 1.330612694E12 2892.196685712
155 10.644723325967789 43.669449859298766 0.0 0.0 1.3135499954223633 359.0 1.330612695E12 2893.252453004
156 10.644717458635569 43.66946155205369 0.0 0.0 1.376099944114685 358.0 1.330612696E12 2894.275946629
157 10.644715027883649 43.669472825713456 0.0 0.0 1.3135499954223633 357.0 1.330612697E12 2895.299726003
158 10.644714357331395 43.66948468610644 0.0 0.0 1.1259000301361084 359.0 1.330612698E12 2896.33228617
159 10.644713686779141 43.66949654649943 0.0 0.0 1.1259000301361084 0.0 1.330612699E12 2897.200704254
160 10.644709412008524 43.66951427422464 0.0 0.0 1.063349962234497 359.0 1.330612701E12 2899.347189962
161 10.644705472514033 43.66952424868941 0.0 0.0 1.1259000301361084 356.0 1.330612702E12 2900.277063045
162 10.644699521362782 43.66953548043966 0.0 0.0 1.1884499788284302 352.0 1.330612703E12 2901.310006378
163 10.644693234935403 43.6695440299809 0.0 0.0 1.063349962234497 349.0 1.330612704E12 2902.20049092
164 10.644687451422215 43.669552956707776 0.0 0.0 1.0008000135421753 347.0 1.330612705E12 2903.249546045
165 10.644683428108692 43.66956259589642 0.0 0.0 1.063349962234497 345.0 1.330612706E12 2904.279698712
166 10.644677393138409 43.669571983627975 0.0 0.0 1.063349962234497 344.0 1.330612707E12 2905.304571628
167 10.644671190530062 43.66958116181195 0.0 0.0 1.0008000135421753 343.0 1.330612708E12 2906.18628917
168 10.644665323197842 43.6695897532627 0.0 0.0 1.0008000135421753 343.0 1.330612709E12 2907.216784795
169 10.644659455865622 43.66959813516587 0.0 0.0 1.0008000135421753 342.0 1.33061271E12 2908.205116295
170 10.644652582705021 43.669605678878725 0.0 0.0 0.9382500052452087 339.0 1.330612711E12 2909.237496754
171 10.64463833346963 43.66962001193315 0.0 0.0 0.8756999969482422 335.0 1.330612713E12 2911.21124642
172 10.644629783928394 43.66962659172714 0.0 0.0 0.8756999969482422 333.0 1.330612714E12 2912.255965878
173 10.644617043435574 43.669639960862696 0.0 0.0 0.8756999969482422 334.0 1.330612716E12 2914.216145045
174 10.644608829170465 43.66964687593281 0.0 0.0 0.9382500052452087 333.0 1.330612717E12 2915.27359967
175 10.644600363448262 43.669653832912445 0.0 0.0 0.9382500052452087 333.0 1.330612718E12 2916.268405337
176 10.644583264365792 43.66966539993882 0.0 0.0 0.8131499886512756 327.0 1.33061272E12 2918.233406545
177 10.64457194879651 43.6696716863662 0.0 0.0 0.8756999969482422 322.0 1.330612721E12 2919.222098545
178 10.644559962674975 43.669678224250674 0.0 0.0 0.8756999969482422 319.0 1.330612722E12 2920.224912878
179 10.644546886906028 43.66968451067805 0.0 0.0 0.9382500052452087 314.0 1.330612723E12 2921.259290795
180 10.644535906612873 43.66969021037221 0.0 0.0 0.8131499886512756 313.0 1.330612724E12 2922.314642545
181 10.644522998481989 43.66969645489007 0.0 0.0 0.9382500052452087 311.0 1.330612725E12 2923.213393504
182 10.64450983889401 43.66970232222229 0.0 0.0 0.8756999969482422 310.0 1.330612726E12 2924.226399795
183 10.644496930763125 43.669708147645 0.0 0.0 0.8756999969482422 311.0 1.330612727E12 2925.254351295
184 10.644484777003527 43.669713134877384 0.0 0.0 0.6880499720573425 310.0 1.330612728E12 2926.308182712
185 10.644470024853945 43.66971799638122 0.0 0.0 1.0008000135421753 306.0 1.330612729E12 2927.191388337
186 10.644453931599855 43.66972214542329 0.0 0.0 0.9382500052452087 303.0 1.33061273E12 2928.220558879
187 10.64444001764059 43.66972604300827 0.0 0.0 0.8131499886512756 302.0 1.330612731E12 2929.275520837
188 10.644424427300692 43.66972776129842 0.0 0.0 0.8131499886512756 299.0 1.330612732E12 2930.272577837
189 10.644408585503697 43.669729018583894 0.0 0.0 0.8756999969482422 297.0 1.330612733E12 2931.219550545
190 10.644393330439925 43.669732245616615 0.0 0.0 0.8756999969482422 298.0 1.330612734E12 2932.224803837
191 10.644378075376153 43.66973605938256 0.0 0.0 0.8756999969482422 298.0 1.330612735E12 2933.290678628
192 10.644362485036254 43.669740334153175 0.0 0.0 0.8756999969482422 296.0 1.330612736E12 2934.207568962
193 10.644345805048943 43.66974314209074 0.0 0.0 1.0008000135421753 292.0 1.330612737E12 2935.232828045
194 10.644329208880663 43.6697459500283 0.0 0.0 1.0008000135421753 291.0 1.330612738E12 2936.240654254
195 10.644312109798193 43.66974838078022 0.0 0.0 0.9382500052452087 288.0 1.330612739E12 2937.283600962
196 10.644297106191516 43.66975152399391 0.0 0.0 0.9382500052452087 288.0 1.33061274E12 2938.311647587
197 10.64428260549903 43.66975374519825 0.0 0.0 0.9382500052452087 285.0 1.330612741E12 2939.209196795
198 10.644268775358796 43.66975567303598 0.0 0.0 0.8756999969482422 283.0 1.330612742E12 2940.217552754
199 10.644254190847278 43.66975684650242 0.0 0.0 1.0008000135421753 281.0 1.330612743E12 2941.285602337
200 10.644238432869315 43.66975755896419 0.0 0.0 1.0008000135421753 278.0 1.330612744E12 2942.211316295
201 10.644221417605877 43.66975684650242 0.0 0.0 1.1259000301361084 273.0 1.330612745E12 2943.224602087
202 10.644205994904041 43.66975462529808 0.0 0.0 1.1259000301361084 270.0 1.330612746E12 2944.293337045
203 10.644190656021237 43.66975240409374 0.0 0.0 1.1884499788284302 268.0 1.330612747E12 2945.212541545
204 10.644175065681338 43.66975219454616 0.0 0.0 1.2510000467300415 267.0 1.330612748E12 2946.227268254
205 10.644158972427249 43.66975089535117 0.0 0.0 1.1884499788284302 267.0 1.330612749E12 2947.249076587
206 10.644141286611557 43.669749638065696 0.0 0.0 1.1884499788284302 265.0 1.33061275E12 2948.28432492
207 10.6441252771765 43.66974766831845 0.0 0.0 1.1884499788284302 263.0 1.330612751E12 2949.29036717
208 10.644108597189188 43.669745405204594 0.0 0.0 1.1259000301361084 263.0 1.330612752E12 2950.212931629
209 10.644091833382845 43.66974117234349 0.0 0.0 1.1884499788284302 261.0 1.330612753E12 2951.19623042
210 10.644075237214565 43.66973698139191 0.0 0.0 1.1884499788284302 259.0 1.330612754E12 2952.228539295
211 10.64405838958919 43.66973199415952 0.0 0.0 1.3135499954223633 256.0 1.330612755E12 2953.241876129
212 10.644042631611228 43.66972713265568 0.0 0.0 1.2510000467300415 254.0 1.330612756E12 2954.27674942
213 10.644024945795536 43.66972298361361 0.0 0.0 1.3135499954223633 252.0 1.330612757E12 2955.291656379
214 10.644008768722415 43.66971967276186 0.0 0.0 1.1259000301361084 250.0 1.330612758E12 2956.307174337
215 10.643993513658643 43.669713218696415 0.0 0.0 1.3135499954223633 247.0 1.330612759E12 2957.19295967
216 10.64397876150906 43.669706345535815 0.0 0.0 1.376099944114685 245.0 1.33061276E12 2958.233619212
217 10.643963674083352 43.669700059108436 0.0 0.0 1.3135499954223633 244.0 1.330612761E12 2959.283949795
218 10.64394942484796 43.66969448514283 0.0 0.0 1.3135499954223633 243.0 1.330612762E12 2960.234771045
219 10.643935427069664 43.6696891207248 0.0 0.0 1.1884499788284302 242.0 1.330612763E12 2961.229318087
220 10.643923943862319 43.66968425922096 0.0 0.0 1.063349962234497 239.0 1.330612764E12 2962.282495879
221 10.64391179010272 43.66967826616019 0.0 0.0 1.1884499788284302 236.0 1.330612765E12 2963.301556087
222 10.643898630514741 43.66967047099024 0.0 0.0 1.2510000467300415 234.0 1.330612766E12 2964.19916367
223 10.643886476755142 43.66966343019158 0.0 0.0 1.1884499788284302 233.0 1.330612767E12 2965.272942087
224 10.643873400986195 43.66965559311211 0.0 0.0 1.3135499954223633 231.0 1.330612768E12 2966.258700337
225 10.643857726827264 43.669646456837654 0.0 0.0 1.5012000799179077 231.0 1.330612769E12 2967.29321742
226 10.643844064325094 43.6696378653869 0.0 0.0 1.4386500120162964 229.0 1.33061277E12 2968.194984587
227 10.643832245841622 43.6696293996647 0.0 0.0 1.2510000467300415 228.0 1.330612771E12 2969.240732712
228 10.643821936100721 43.66962076630443 0.0 0.0 1.2510000467300415 227.0 1.330612772E12 2970.198803504
229 10.643812967464328 43.66961213294417 0.0 0.0 1.2510000467300415 225.0 1.330612773E12 2971.283448254
230 10.64380475319922 43.6696034995839 0.0 0.0 1.1884499788284302 222.0 1.330612774E12 2972.27777042
231 10.643793102353811 43.669588873162866 0.0 0.0 1.1259000301361084 218.0 1.330612776E12 2974.240889045
232 10.643781870603561 43.669574917294085 0.0 0.0 1.1259000301361084 214.0 1.330612778E12 2976.193253712
233 10.643772566691041 43.66955806966871 0.0 0.0 1.1259000301361084 209.0 1.33061278E12 2978.35367317
234 10.64377348870039 43.669544365257025 0.0 0.0 1.1259000301361084 204.0 1.330612782E12 2980.276403379
235 10.643769884482026 43.66953510325402 0.0 0.0 1.1884499788284302 202.0 1.330612783E12 2981.327473254
236 10.64376569353044 43.669525254517794 0.0 0.0 1.1884499788284302 201.0 1.330612784E12 2982.195526045
237 10.643762089312077 43.66951599251479 0.0 0.0 1.2510000467300415 202.0 1.330612785E12 2983.215447837
238 10.64375789836049 43.66950706578791 0.0 0.0 1.2510000467300415 203.0 1.330612786E12 2984.234463753
239 10.643753120675683 43.66949663031846 0.0 0.0 1.1884499788284302 201.0 1.330612787E12 2985.238078754
240 10.64374809153378 43.669487913139164 0.0 0.0 1.0008000135421753 202.0 1.330612788E12 2986.275882545
241 10.643743732944131 43.66946993395686 0.0 0.0 1.0008000135421753 198.0 1.33061279E12 2988.213999379
242 10.643748175352812 43.669454217888415 0.0 0.0 0.9382500052452087 190.0 1.330612792E12 2990.331112129
243 10.643748426809907 43.669443195685744 0.0 0.0 1.063349962234497 189.0 1.330612793E12 2991.218974754
244 10.643748342990875 43.66943305358291 0.0 0.0 1.1259000301361084 187.0 1.330612794E12 2992.214106337
245 10.643749432638288 43.669424043037 0.0 0.0 1.063349962234497 187.0 1.330612795E12 2993.27323292
246 10.643750270828605 43.66941478103399 0.0 0.0 1.1259000301361084 186.0 1.330612796E12 2994.294365378
247 10.643753539770842 43.66940128616989 0.0 0.0 1.2510000467300415 182.0 1.330612797E12 2995.203765379
248 10.643757646903396 43.66939085070044 0.0 0.0 1.2510000467300415 179.0 1.330612798E12 2996.224252045
249 10.64376275986433 43.669373374432325 0.0 0.0 1.1884499788284302 179.0 1.3306128E12 2998.202415795
250 10.643762592226267 43.66936226841062 0.0 0.0 0.8756999969482422 178.0 1.330612802E12 3000.24909767
251 10.643769297748804 43.66934948600829 0.0 0.0 0.9382500052452087 176.0 1.330612804E12 3002.298033629
252 10.64377248287201 43.669335739687085 0.0 0.0 0.8756999969482422 178.0 1.330612806E12 3004.25676892
253 10.64377348870039 43.669326226226985 0.0 0.0 1.063349962234497 178.0 1.330612807E12 3005.298917004
254 10.643774326890707 43.66931633558124 0.0 0.0 1.1884499788284302 179.0 1.330612808E12 3006.204245837
255 10.643775835633278 43.669305690564215 0.0 0.0 1.2510000467300415 177.0 1.330612809E12 3007.298772962
256 10.643777512013912 43.66928993258625 0.0 0.0 1.063349962234497 174.0 1.330612811E12 3009.247646879
257 10.643777344375849 43.66927937138826 0.0 0.0 1.1884499788284302 175.0 1.330612812E12 3010.25789867
258 10.64377793110907 43.66926780436188 0.0 0.0 1.2510000467300415 175.0 1.330612813E12 3011.277128587
259 10.643778517842293 43.66925795562565 0.0 0.0 1.1884499788284302 176.0 1.330612814E12 3012.297345337
260 10.643779272213578 43.66924835834652 0.0 0.0 1.1259000301361084 178.0 1.330612815E12 3013.319002879
261 10.64378086477518 43.66923876106739 0.0 0.0 1.063349962234497 178.0 1.330612816E12 3014.21147167
262 10.643783379346132 43.669223631732166 0.0 0.0 1.1259000301361084 178.0 1.330612817E12 3015.255895128
263 10.643783630803227 43.66921126842499 0.0 0.0 1.1259000301361084 179.0 1.330612818E12 3016.300457129
264 10.643782708793879 43.66919974330813 0.0 0.0 1.1259000301361084 179.0 1.330612819E12 3017.213688462
265 10.643781870603561 43.66918918211013 0.0 0.0 1.063349962234497 181.0 1.33061282E12 3018.22862017
266 10.643780780956149 43.669179333373904 0.0 0.0 0.8756999969482422 182.0 1.330612821E12 3019.248912795
267 10.643783630803227 43.669168814085424 0.0 0.0 0.9382500052452087 182.0 1.330612822E12 3020.262006004
268 10.64378815703094 43.66915678605437 0.0 0.0 1.0008000135421753 181.0 1.330612823E12 3021.295377087
269 10.64379008486867 43.66914433892816 0.0 0.0 1.1259000301361084 181.0 1.330612824E12 3022.323124712
270 10.643790923058987 43.669133693911135 0.0 0.0 1.063349962234497 181.0 1.330612825E12 3023.23705192
271 10.643793940544128 43.669113661162555 0.0 0.0 1.063349962234497 179.0 1.330612827E12 3025.28304992
272 10.64379402436316 43.66910330951214 0.0 0.0 1.1259000301361084 179.0 1.330612828E12 3026.208784212
273 10.643789079040289 43.66908398922533 0.0 0.0 0.9382500052452087 177.0 1.33061283E12 3028.242454129
274 10.64378865994513 43.66907221265137 0.0 0.0 1.063349962234497 176.0 1.330612831E12 3029.213522587
275 10.64378865994513 43.66906056180596 0.0 0.0 1.1259000301361084 177.0 1.330612832E12 3030.226426629
276 10.643786732107401 43.669049120508134 0.0 0.0 1.1259000301361084 180.0 1.330612833E12 3031.264987003
277 10.643784049898386 43.66903906222433 0.0 0.0 1.0008000135421753 182.0 1.330612834E12 3032.260949795
278 10.643784468993545 43.669026447460055 0.0 0.0 1.1259000301361084 183.0 1.330612835E12 3033.286154128
279 10.643785139545798 43.66901437751949 0.0 0.0 1.1884499788284302 181.0 1.330612836E12 3034.312072004
280 10.643784385174513 43.6690035648644 0.0 0.0 1.1884499788284302 180.0 1.330612837E12 3035.244563212
281 10.643783211708069 43.66899321321398 0.0 0.0 1.1259000301361084 181.0 1.330612838E12 3036.219187587
282 10.643785810098052 43.66898185573518 0.0 0.0 1.1259000301361084 180.0 1.330612839E12 3037.252335629
283 10.643788240849972 43.6689678998664 0.0 0.0 1.1259000301361084 180.0 1.33061284E12 3038.30916492
284 10.643786396831274 43.66895666811615 0.0 0.0 1.063349962234497 183.0 1.330612841E12 3039.213947254
285 10.64378371462226 43.66894598118961 0.0 0.0 1.0008000135421753 183.0 1.330612842E12 3040.244805503
286 10.643782624974847 43.66892829537392 0.0 0.0 1.063349962234497 180.0 1.330612844E12 3042.225297003
287 10.643783379346132 43.66891706362367 0.0 0.0 1.1259000301361084 180.0 1.330612845E12 3043.226898879
288 10.643784385174513 43.668906041420996 0.0 0.0 1.063349962234497 180.0 1.330612846E12 3044.250849254
289 10.643785139545798 43.66889455821365 0.0 0.0 1.063349962234497 180.0 1.330612847E12 3045.281508087
290 10.643784636631608 43.668883200734854 0.0 0.0 0.9382500052452087 182.0 1.330612848E12 3046.33223792
291 10.643786983564496 43.668870837427676 0.0 0.0 1.063349962234497 181.0 1.330612849E12 3047.214935087
292 10.643785139545798 43.66886098869145 0.0 0.0 1.0008000135421753 181.0 1.33061285E12 3048.239523128
293 10.643783882260323 43.66885076276958 0.0 0.0 1.0008000135421753 182.0 1.330612851E12 3049.297266504
294 10.643785307183862 43.668837058357894 0.0 0.0 1.0008000135421753 182.0 1.330612852E12 3050.235973628
295 10.643784049898386 43.66882767062634 0.0 0.0 1.0008000135421753 184.0 1.330612853E12 3051.219093379
296 10.643781451508403 43.668810026720166 0.0 0.0 0.8756999969482422 187.0 1.330612855E12 3053.348312587
297 10.643781032413244 43.66880038753152 0.0 0.0 0.9382500052452087 187.0 1.330612856E12 3054.279136087
298 10.64378086477518 43.66879032924771 0.0 0.0 1.0008000135421753 186.0 1.330612857E12 3055.237998462
299 10.643780026584864 43.66877980995923 0.0 0.0 0.9382500052452087 186.0 1.330612858E12 3056.23983792
300 10.643779942765832 43.668768159113824 0.0 0.0 1.0008000135421753 186.0 1.330612859E12 3057.273234462
301 10.643780194222927 43.66875491570681 0.0 0.0 1.063349962234497 185.0 1.33061286E12 3058.30795817
302 10.643777847290039 43.668741630390286 0.0 0.0 1.1259000301361084 185.0 1.330612861E12 3059.20456242
303 10.643775332719088 43.66873065009713 0.0 0.0 1.063349962234497 184.0 1.330612862E12 3060.237918712
304 10.643774159252644 43.66871983744204 0.0 0.0 1.0008000135421753 182.0 1.330612863E12 3061.286684754
305 10.643773907795548 43.66870902478695 0.0 0.0 1.063349962234497 183.0 1.330612864E12 3062.308196129
306 10.643771728500724 43.668698756955564 0.0 0.0 0.9382500052452087 186.0 1.330612865E12 3063.241715337
