2 10.643790168687701 43.66873316466808 0.0 0.0 0.4378499984741211 138.0 1.330519305E12 2622.710299339
3 10.643795868381858 43.66872277110815 0.0 0.0 0.5004000067710876 161.0 1.330519308E12 2625.575191839
4 10.643798466771841 43.6687115393579 0.0 0.0 0.6880499720573425 171.0 1.33051931E12 2627.613659714
5 10.643799975514412 43.668695194646716 0.0 0.0 0.9382500052452087 176.0 1.330519312E12 2629.569592631
6 10.643800646066666 43.668685387820005 0.0 0.0 0.9382500052452087 176.0 1.330519313E12 2630.606867589
7 10.643801568076015 43.66867620963603 0.0 0.0 0.9382500052452087 176.0 1.330519314E12 2631.660521798
8 10.643801651895046 43.66866443306208 0.0 0.0 1.1259000301361084 177.0 1.330519315E12 2632.556667589
9 10.643801735714078 43.668651608750224 0.0 0.0 1.063349962234497 177.0 1.330519316E12 2633.557308214
10 10.643802406266332 43.6686391197145 0.0 0.0 1.1259000301361084 176.0 1.330519317E12 2634.658855506
11 10.64380383118987 43.668627007864416 0.0 0.0 1.1884499788284302 174.0 1.330519318E12 2635.554989506
12 10.643805507570505 43.66861502174288 0.0 0.0 1.1884499788284302 173.0 1.330519319E12 2636.555237298
13 10.643807938322425 43.66860341280699 0.0 0.0 1.1259000301361084 171.0 1.33051932E12 2637.578165256
14 10.643810788169503 43.66859255824238 0.0 0.0 1.1884499788284302 171.0 1.330519321E12 2638.625540256
15 10.643812632188201 43.668581577949226 0.0 0.0 1.1884499788284302 171.0 1.330519322E12 2639.615574089
16 10.64381648786366 43.66857017856091 0.0 0.0 1.2510000467300415 169.0 1.330519323E12 2640.649865006
17 10.643822439014912 43.668559030629694 0.0 0.0 1.2510000467300415 165.0 1.330519324E12 2641.579164547
18 10.643827468156815 43.6685484694317 0.0 0.0 1.1884499788284302 164.0 1.330519325E12 2642.593955422
19 10.643833922222257 43.668537489138544 0.0 0.0 1.3135499954223633 162.0 1.330519326E12 2643.602839173
20 10.643841801211238 43.66852688603103 0.0 0.0 1.2510000467300415 158.0 1.330519327E12 2644.630083506
21 10.643851272761822 43.668517959304154 0.0 0.0 1.2510000467300415 154.0 1.330519328E12 2645.726203297
22 10.643861079588532 43.66850890684873 0.0 0.0 1.2510000467300415 152.0 1.330519329E12 2646.563786089
23 10.643870634958148 43.668499728664756 0.0 0.0 1.2510000467300415 150.0 1.33051933E12 2647.569372172
24 10.643880944699049 43.668490215204656 0.0 0.0 1.3135499954223633 149.0 1.330519331E12 2648.618262881
25 10.643892511725426 43.668480408377945 0.0 0.0 1.376099944114685 147.0 1.330519332E12 2649.667881381
26 10.643904162570834 43.66847106255591 0.0 0.0 1.376099944114685 144.0 1.330519333E12 2650.535229006
27 10.643916316330433 43.66846167482436 0.0 0.0 1.2510000467300415 144.0 1.330519334E12 2651.549759089
28 10.643927799537778 43.66845291573554 0.0 0.0 1.2510000467300415 141.0 1.330519335E12 2652.568798297
29 10.643939869478345 43.66844453383237 0.0 0.0 1.2510000467300415 140.0 1.330519336E12 2653.600132964
30 10.643952609971166 43.66843606811017 0.0 0.0 1.376099944114685 138.0 1.330519337E12 2654.612793006
31 10.643966775387526 43.66842785384506 0.0 0.0 1.3135499954223633 135.0 1.330519338E12 2655.554114172
32 10.643980605527759 43.66842077113688 0.0 0.0 1.376099944114685 132.0 1.330519339E12 2656.559426756
33 10.643995441496372 43.66841335315257 0.0 0.0 1.3135499954223633 130.0 1.33051934E12 2657.593897256
34 10.644010361284018 43.66840631235391 0.0 0.0 1.376099944114685 127.0 1.330519341E12 2658.745670756
35 10.64402461051941 43.6683996906504 0.0 0.0 1.3135499954223633 126.0 1.330519342E12 2659.574433964
36 10.644038273021579 43.668393907137215 0.0 0.0 1.3135499954223633 125.0 1.330519343E12 2660.613277756
37 10.644052438437939 43.668388458900154 0.0 0.0 1.2510000467300415 123.0 1.330519344E12 2661.539553256
38 10.644067022949457 43.668383094482124 0.0 0.0 1.3135499954223633 120.0 1.330519345E12 2662.586891464
39 10.644081691280007 43.66837768815458 0.0 0.0 1.2510000467300415 119.0 1.330519346E12 2663.982709548
40 10.644096275791526 43.668372659012675 0.0 0.0 1.2510000467300415 116.0 1.330519347E12 2664.549199714
41 10.644111195579171 43.66836817469448 0.0 0.0 1.3135499954223633 115.0 1.330519348E12 2665.592476631
42 10.64412728883326 43.66836352273822 0.0 0.0 1.3135499954223633 113.0 1.330519349E12 2666.632655964
43 10.644142962992191 43.66835866123438 0.0 0.0 1.3135499954223633 113.0 1.33051935E12 2667.539759089
44 10.644158385694027 43.66835447028279 0.0 0.0 1.3135499954223633 110.0 1.330519351E12 2668.727925714
45 10.644174898043275 43.66835099179298 0.0 0.0 1.3135499954223633 108.0 1.330519352E12 2669.606232339
46 10.644190572202206 43.668348183855414 0.0 0.0 1.2510000467300415 106.0 1.330519353E12 2670.623460506
47 10.644206246361136 43.668345836922526 0.0 0.0 1.3135499954223633 106.0 1.330519354E12 2671.643552547
48 10.644222255796194 43.66834319662303 0.0 0.0 1.3135499954223633 105.0 1.330519355E12 2672.555342256
49 10.644238600507379 43.66834135260433 0.0 0.0 1.3135499954223633 102.0 1.330519356E12 2673.706558506
50 10.644255699589849 43.668340179137886 0.0 0.0 1.4386500120162964 100.0 1.330519357E12 2674.562607006
51 10.644271457567811 43.66833913139999 0.0 0.0 1.2510000467300415 98.0 1.330519358E12 2675.547711881
52 10.644286796450615 43.66833850275725 0.0 0.0 1.2510000467300415 96.0 1.330519359E12 2676.613588089
53 10.644302805885673 43.668338670395315 0.0 0.0 1.2510000467300415 93.0 1.33051936E12 2677.538185631
54 10.644318060949445 43.66833976004273 0.0 0.0 1.2510000467300415 90.0 1.330519361E12 2678.837971506
55 10.644334321841598 43.668340388685465 0.0 0.0 1.3135499954223633 89.0 1.330519362E12 2679.602752131
56 10.644349493086338 43.668341184966266 0.0 0.0 1.1884499788284302 88.0 1.330519363E12 2680.673509131
57 10.644364496693015 43.66834227461368 0.0 0.0 1.2510000467300415 86.0 1.330519364E12 2681.568345506
58 10.644379584118724 43.66834369953722 0.0 0.0 1.1884499788284302 85.0 1.330519365E12 2682.638285672
59 10.644394839182496 43.668346046470106 0.0 0.0 1.2510000467300415 82.0 1.330519366E12 2683.648205881
60 10.644410010427237 43.668348393402994 0.0 0.0 1.2510000467300415 81.0 1.330519367E12 2684.568041172
61 10.644424678757787 43.66835065651685 0.0 0.0 1.2510000467300415 79.0 1.330519368E12 2685.586958798
62 10.644439598545432 43.668354260735214 0.0 0.0 1.3135499954223633 77.0 1.330519369E12 2686.618775381
63 10.644454434514046 43.66835761349648 0.0 0.0 1.2510000467300415 75.0 1.33051937E12 2687.537816506
64 10.644469354301691 43.668361217714846 0.0 0.0 1.3135499954223633 74.0 1.330519371E12 2688.561607423
65 10.644482262432575 43.66836666595191 0.0 0.0 1.3135499954223633 72.0 1.330519372E12 2689.590123839
66 10.644496092572808 43.66837253328413 0.0 0.0 1.376099944114685 71.0 1.330519373E12 2690.637296339
67 10.64451134763658 43.66837785579264 0.0 0.0 1.3135499954223633 68.0 1.330519374E12 2691.620934589
68 10.64452551305294 43.668384309858084 0.0 0.0 1.3135499954223633 64.0 1.330519375E12 2692.631573006
69 10.644538840278983 43.66839156020433 0.0 0.0 1.3135499954223633 61.0 1.330519376E12 2693.720497256
70 10.64455233514309 43.668398559093475 0.0 0.0 1.3135499954223633 60.0 1.330519377E12 2694.547744923
71 10.644565997645259 43.668405348435044 0.0 0.0 1.3135499954223633 59.0 1.330519378E12 2695.587186423
72 10.644579576328397 43.66841176059097 0.0 0.0 1.3135499954223633 59.0 1.330519379E12 2696.587998297
73 10.64459240064025 43.668418382294476 0.0 0.0 1.2510000467300415 57.0 1.33051938E12 2697.616388214
74 10.644604722037911 43.668426596559584 0.0 0.0 1.2510000467300415 56.0 1.330519381E12 2698.622809089
75 10.644616456702352 43.66843388881534 0.0 0.0 1.2510000467300415 53.0 1.330519382E12 2699.646767964
76 10.644626934081316 43.668442061170936 0.0 0.0 1.1884499788284302 50.0 1.330519383E12 2700.541671339
77 10.64463690854609 43.66845082025975 0.0 0.0 1.3135499954223633 46.0 1.330519384E12 2701.584359839
78 10.644647805020213 43.66845974698663 0.0 0.0 1.3135499954223633 45.0 1.330519385E12 2702.602454089
79 10.644658282399178 43.66846942808479 0.0 0.0 1.3135499954223633 42.0 1.330519386E12 2703.618774339
80 10.64466867595911 43.66848007310182 0.0 0.0 1.376099944114685 40.0 1.330519387E12 2704.542293006
81 10.644678231328726 43.668489921838045 0.0 0.0 1.3135499954223633 39.0 1.330519388E12 2705.560335297
82 10.644687619060278 43.6685001058504 0.0 0.0 1.2510000467300415 37.0 1.330519389E12 2706.568645589
83 10.64469650387764 43.66851008031517 0.0 0.0 1.2510000467300415 37.0 1.33051939E12 2707.676620048
84 10.644704466685653 43.668521479703486 0.0 0.0 1.376099944114685 33.0 1.330519391E12 2708.552857089
85 10.644711591303349 43.66853283718228 0.0 0.0 1.3135499954223633 30.0 1.330519392E12 2709.553269756
86 10.644719302654266 43.66854390129447 0.0 0.0 1.2510000467300415 30.0 1.330519393E12 2710.581641006
87 10.644727097824216 43.66855500731617 0.0 0.0 1.3135499954223633 29.0 1.330519394E12 2711.633655172
88 10.644733970984817 43.66856607142836 0.0 0.0 1.2510000467300415 27.0 1.330519395E12 2712.636646298
89 10.644739754498005 43.66857717745006 0.0 0.0 1.3135499954223633 24.0 1.330519396E12 2713.526807256
90 10.64474486745894 43.668589876033366 0.0 0.0 1.3135499954223633 21.0 1.330519397E12 2714.553763714
91 10.644748974591494 43.6686026584357 0.0 0.0 1.4386500120162964 18.0 1.330519398E12 2715.601317839
92 10.644752411171794 43.66861502174288 0.0 0.0 1.3135499954223633 16.0 1.330519399E12 2716.623493256
93 10.644754925742745 43.668627217411995 0.0 0.0 1.3135499954223633 13.0 1.3305194E12 2717.625938298
94 10.644756937399507 43.668639245443046 0.0 0.0 1.3135499954223633 11.0 1.330519401E12 2718.575003131
95 10.64475861378014 43.66865081246942 0.0 0.0 1.2510000467300415 9.0 1.330519402E12 2719.617347173
96 10.644759787246585 43.668662337586284 0.0 0.0 1.1884499788284302 8.0 1.330519403E12 2720.608090381
97 10.644760876893997 43.66867361124605 0.0 0.0 1.3135499954223633 7.0 1.330519404E12 2721.624343922
98 10.64476104453206 43.66868626791984 0.0 0.0 1.3135499954223633 4.0 1.330519405E12 2722.529535964
99 10.644761212170124 43.66869959514588 0.0 0.0 1.376099944114685 4.0 1.330519406E12 2723.558385006
100 10.644762134179473 43.66871183272451 0.0 0.0 1.3135499954223633 4.0 1.330519407E12 2724.549574172
101 10.644762050360441 43.668724028393626 0.0 0.0 1.3135499954223633 2.0 1.330519408E12 2725.601414839
102 10.64476146362722 43.66873693652451 0.0 0.0 1.376099944114685 1.0 1.330519409E12 2726.603273006
103 10.644760206341743 43.66874967701733 0.0 0.0 1.3135499954223633 359.0 1.33051941E12 2727.597957506
104 10.644758362323046 43.66876162122935 0.0 0.0 1.3135499954223633 357.0 1.330519411E12 2728.629071631
105 10.644757272675633 43.66877335589379 0.0 0.0 1.2510000467300415 357.0 1.330519412E12 2729.578765922
106 10.64475609920919 43.66878366563469 0.0 0.0 1.1259000301361084 356.0 1.330519413E12 2730.602307881
107 10.644753919914365 43.6687934724614 0.0 0.0 1.1259000301361084 355.0 1.330519414E12 2731.633546506
108 10.644752494990826 43.66880390793085 0.0 0.0 1.1884499788284302 356.0 1.330519415E12 2732.575008381
109 10.644751070067286 43.668815307319164 0.0 0.0 1.2510000467300415 355.0 1.330519416E12 2733.601467048
110 10.644749980419874 43.66882767062634 0.0 0.0 1.1884499788284302 355.0 1.330519417E12 2734.632150006
111 10.644748890772462 43.66883860900998 0.0 0.0 1.1259000301361084 355.0 1.330519418E12 2735.561626881
112 10.644747968763113 43.66885093040764 0.0 0.0 1.376099944114685 356.0 1.330519419E12 2736.602474089
113 10.64474729821086 43.66886341944337 0.0 0.0 1.3135499954223633 356.0 1.33051942E12 2737.636438256
114 10.644746962934732 43.66887595038861 0.0 0.0 1.3135499954223633 357.0 1.330519421E12 2738.552909506
115 10.644747214391828 43.66888797841966 0.0 0.0 1.3135499954223633 358.0 1.330519422E12 2739.574378881
116 10.644747214391828 43.668902101926506 0.0 0.0 1.4386500120162964 359.0 1.330519423E12 2740.614062881
117 10.644747046753764 43.66891521960497 0.0 0.0 1.3135499954223633 359.0 1.330519424E12 2741.665937006
118 10.644746627658606 43.668928924016654 0.0 0.0 1.3135499954223633 359.0 1.330519425E12 2742.654745464
119 10.64474637620151 43.66894262842834 0.0 0.0 1.3135499954223633 359.0 1.330519426E12 2743.578527297
120 10.644746208563447 43.668954907916486 0.0 0.0 1.1884499788284302 359.0 1.330519427E12 2744.591195298
121 10.644746040925384 43.66896639112383 0.0 0.0 1.1884499788284302 359.0 1.330519428E12 2745.621972423
122 10.644745454192162 43.66897841915488 0.0 0.0 1.2510000467300415 358.0 1.330519429E12 2746.611607173
123 10.644744448363781 43.668991033919156 0.0 0.0 1.2510000467300415 358.0 1.33051943E12 2747.552057923
124 10.644744196906686 43.66900239139795 0.0 0.0 1.1884499788284302 358.0 1.330519431E12 2748.553209589
125 10.644743023440242 43.669015928171575 0.0 0.0 1.3135499954223633 358.0 1.330519432E12 2749.586965631
126 10.644742771983147 43.66902632173151 0.0 0.0 1.1884499788284302 358.0 1.330519433E12 2750.608634422
127 10.64474243670702 43.66903780493885 0.0 0.0 1.3135499954223633 358.0 1.330519434E12 2751.537088548
128 10.644742269068956 43.66904974915087 0.0 0.0 1.2510000467300415 357.0 1.330519435E12 2752.563693089
129 10.644742017611861 43.669061567634344 0.0 0.0 1.1259000301361084 358.0 1.330519436E12 2753.606107589
130 10.644742352887988 43.66907284129411 0.0 0.0 1.1884499788284302 359.0 1.330519437E12 2754.641315214
131 10.644742604345083 43.66908520460129 0.0 0.0 1.1884499788284302 0.0 1.330519438E12 2755.589034756
132 10.644742688164115 43.669096981175244 0.0 0.0 1.1884499788284302 0.0 1.330519439E12 2756.574732381
133 10.644742520526052 43.66910959593952 0.0 0.0 1.1884499788284302 359.0 1.33051944E12 2757.575350839
134 10.644741682335734 43.669122462160885 0.0 0.0 1.2510000467300415 358.0 1.330519441E12 2758.601429798
135 10.644740089774132 43.669135118834674 0.0 0.0 1.3135499954223633 357.0 1.330519442E12 2759.608918797
136 10.644739251583815 43.669147146865726 0.0 0.0 1.2510000467300415 357.0 1.330519443E12 2760.619892547
137 10.644738664850593 43.669159384444356 0.0 0.0 1.1884499788284302 358.0 1.330519444E12 2761.655376839
138 10.644738329574466 43.66917137056589 0.0 0.0 1.1884499788284302 358.0 1.330519445E12 2762.545815256
139 10.644737826660275 43.6691830214113 0.0 0.0 1.2510000467300415 358.0 1.330519446E12 2763.610570256
140 10.64473707228899 43.66919559426606 0.0 0.0 1.1884499788284302 358.0 1.330519447E12 2764.549547256
141 10.64473707228899 43.66920841857791 0.0 0.0 1.1884499788284302 358.0 1.330519448E12 2765.582438298
142 10.644737156108022 43.669220614247024 0.0 0.0 1.1884499788284302 359.0 1.330519449E12 2766.598896131
143 10.644738161936402 43.6692329775542 0.0 0.0 1.2510000467300415 1.0 1.33051945E12 2767.616481881
144 10.64473900012672 43.66924563422799 0.0 0.0 1.2510000467300415 2.0 1.330519451E12 2768.561753256
145 10.644739167764783 43.669258458539844 0.0 0.0 1.1884499788284302 2.0 1.330519452E12 2769.560949173
146 10.644739335402846 43.66927015129477 0.0 0.0 1.1884499788284302 1.0 1.330519453E12 2770.594177131
147 10.644739251583815 43.669281508773565 0.0 0.0 1.1884499788284302 1.0 1.330519454E12 2771.620152797
148 10.644739419221878 43.669293452985585 0.0 0.0 1.2510000467300415 1.0 1.330519455E12 2772.650761839
149 10.644740173593163 43.66930514574051 0.0 0.0 1.1884499788284302 2.0 1.330519456E12 2773.554673672
150 10.644740341231227 43.66931717377156 0.0 0.0 1.2510000467300415 1.0 1.330519457E12 2774.592512881
151 10.644740592688322 43.66932857315987 0.0 0.0 1.063349962234497 1.0 1.330519458E12 2775.623131047
152 10.644741095602512 43.66933942772448 0.0 0.0 1.1259000301361084 1.0 1.330519459E12 2776.649356297
153 10.644741179421544 43.669349611736834 0.0 0.0 1.0008000135421753 1.0 1.33051946E12 2777.551166131
154 10.644741347059608 43.6693608853966 0.0 0.0 1.1259000301361084 2.0 1.330519461E12 2778.583970589
155 10.64474050886929 43.66937161423266 0.0 0.0 1.063349962234497 358.0 1.330519462E12 2779.648950256
156 10.644738581031561 43.669383390806615 0.0 0.0 1.1259000301361084 357.0 1.330519463E12 2780.652922964
157 10.644737742841244 43.669396131299436 0.0 0.0 1.2510000467300415 358.0 1.330519464E12 2781.549126922
158 10.644737239927053 43.66940815933049 0.0 0.0 1.1884499788284302 357.0 1.330519465E12 2782.583812089
159 10.64473606646061 43.66941888816655 0.0 0.0 1.1259000301361084 356.0 1.330519466E12 2783.602344298
160 10.644734725356102 43.66943100001663 0.0 0.0 1.1259000301361084 356.0 1.330519467E12 2784.643816256
161 10.644733216613531 43.66944286040962 0.0 0.0 1.1884499788284302 355.0 1.330519468E12 2785.657252131
162 10.644731372594833 43.669455433264375 0.0 0.0 1.2510000467300415 355.0 1.330519469E12 2786.655369298
163 10.644728103652596 43.669468592852354 0.0 0.0 1.3135499954223633 353.0 1.33051947E12 2787.573689006
164 10.644724750891328 43.66948053706437 0.0 0.0 1.1259000301361084 351.0 1.330519471E12 2788.599219964
165 10.644720140844584 43.66949202027172 0.0 0.0 1.1884499788284302 348.0 1.330519472E12 2789.584112506
166 10.644714776426554 43.66950471885502 0.0 0.0 1.3135499954223633 346.0 1.330519473E12 2790.557469256
167 10.644708992913365 43.66951691452414 0.0 0.0 1.1884499788284302 345.0 1.330519474E12 2791.583664881
168 10.644702035933733 43.66952730808407 0.0 0.0 1.1259000301361084 341.0 1.330519475E12 2792.697090548
169 10.644694995135069 43.669538497924805 0.0 0.0 1.3135499954223633 340.0 1.330519476E12 2793.558976589
170 10.644687367603183 43.669550023041666 0.0 0.0 1.3135499954223633 338.0 1.330519477E12 2794.596636048
171 10.644679656252265 43.66956108715385 0.0 0.0 1.2510000467300415 336.0 1.330519478E12 2795.608928256
172 10.644671022891998 43.66957164835185 0.0 0.0 1.2510000467300415 334.0 1.330519479E12 2796.631008631
173 10.644661216065288 43.66958162281662 0.0 0.0 1.3135499954223633 330.0 1.33051948E12 2797.644124756
174 10.644651325419545 43.66959235165268 0.0 0.0 1.3135499954223633 329.0 1.330519481E12 2798.595813798
175 10.644639926031232 43.66960400249809 0.0 0.0 1.376099944114685 327.0 1.330519482E12 2799.654210714
176 10.644628526642919 43.669615192338824 0.0 0.0 1.376099944114685 325.0 1.330519483E12 2800.554768797
177 10.6446173787117 43.66962575353682 0.0 0.0 1.3135499954223633 323.0 1.330519484E12 2801.597204548
178 10.644604722037911 43.66963556036353 0.0 0.0 1.376099944114685 321.0 1.330519485E12 2802.625893297
179 10.64459097571671 43.669644822366536 0.0 0.0 1.376099944114685 318.0 1.330519486E12 2803.652623798
180 10.644576558843255 43.669653036631644 0.0 0.0 1.376099944114685 315.0 1.330519487E12 2804.639080047
181 10.644564405083656 43.66966179572046 0.0 0.0 1.3135499954223633 315.0 1.330519488E12 2805.559437464
182 10.644550826400518 43.66966933943331 0.0 0.0 1.3135499954223633 312.0 1.330519489E12 2806.592582839
183 10.644536325708032 43.669676505960524 0.0 0.0 1.4386500120162964 309.0 1.33051949E12 2807.618009506
184 10.64452056773007 43.66968446876854 0.0 0.0 1.376099944114685 307.0 1.330519491E12 2808.666903048
185 10.644504139199853 43.66969092283398 0.0 0.0 1.376099944114685 304.0 1.330519492E12 2809.537720173
186 10.644487123936415 43.66969658061862 0.0 0.0 1.4386500120162964 301.0 1.330519493E12 2810.624687089
187 10.644469605758786 43.66970165167004 0.0 0.0 1.4386500120162964 298.0 1.330519494E12 2811.607115673
188 10.644453093409538 43.66970701608807 0.0 0.0 1.376099944114685 298.0 1.330519495E12 2812.627072881
189 10.64443750306964 43.66971233859658 0.0 0.0 1.376099944114685 296.0 1.330519496E12 2813.627043464
190 10.644424427300692 43.66971774492413 0.0 0.0 1.3135499954223633 295.0 1.330519497E12 2814.569153589
191 10.644408334046602 43.66972231306136 0.0 0.0 1.376099944114685 295.0 1.330519498E12 2815.593984714
192 10.64439358189702 43.66972725838423 0.0 0.0 1.3135499954223633 294.0 1.330519499E12 2816.633908589
193 10.644377740100026 43.669731239788234 0.0 0.0 1.3135499954223633 292.0 1.3305195E12 2817.579297089
194 10.644361395388842 43.66973455063999 0.0 0.0 1.376099944114685 289.0 1.330519501E12 2818.614027964
195 10.644345972687006 43.66973794531077 0.0 0.0 1.2510000467300415 289.0 1.330519502E12 2819.621912298
196 10.644330130890012 43.66974100470543 0.0 0.0 1.3135499954223633 287.0 1.330519503E12 2820.565459006
197 10.644314037635922 43.66974389646202 0.0 0.0 1.3135499954223633 286.0 1.330519504E12 2821.577104006
198 10.644297022372484 43.66974603384733 0.0 0.0 1.376099944114685 284.0 1.330519505E12 2822.593194964
199 10.64427531324327 43.66974603384733 0.0 0.0 1.3135499954223633 280.0 1.330519506E12 2823.621877798
200 10.644257292151451 43.6697459500283 0.0 0.0 1.3135499954223633 277.0 1.330519507E12 2824.640377589
201 10.644239438697696 43.66974578239024 0.0 0.0 1.376099944114685 275.0 1.330519508E12 2825.652146506
202 10.64422158524394 43.66974502801895 0.0 0.0 1.376099944114685 273.0 1.330519509E12 2826.677789798
203 10.64420398324728 43.66974444128573 0.0 0.0 1.376099944114685 272.0 1.33051951E12 2827.586931631
204 10.644187470898032 43.669744902290404 0.0 0.0 1.3135499954223633 270.0 1.330519511E12 2828.586820673
205 10.644171042367816 43.66974423173815 0.0 0.0 1.376099944114685 268.0 1.330519512E12 2829.585891381
206 10.64415360800922 43.669741549529135 0.0 0.0 1.376099944114685 264.0 1.330519513E12 2830.634925547
207 10.64413650892675 43.66973844822496 0.0 0.0 1.376099944114685 262.0 1.330519514E12 2831.654756506
208 10.64411991275847 43.66973530501127 0.0 0.0 1.376099944114685 259.0 1.330519515E12 2832.586996839
209 10.644104238599539 43.669732036069036 0.0 0.0 1.2510000467300415 257.0 1.330519516E12 2833.569072672
210 10.644088815897703 43.66972868330777 0.0 0.0 1.376099944114685 256.0 1.330519517E12 2834.591203006
211 10.644073225557804 43.66972520481795 0.0 0.0 1.3135499954223633 254.0 1.330519518E12 2835.609795339
212 10.644056964665651 43.669720510952175 0.0 0.0 1.376099944114685 252.0 1.330519519E12 2836.613244547
213 10.64404221251607 43.66971602663398 0.0 0.0 1.2510000467300415 251.0 1.33051952E12 2837.689023464
214 10.644027041271329 43.6697115842253 0.0 0.0 1.3135499954223633 250.0 1.330519521E12 2838.592804131
215 10.644012037664652 43.669707267545164 0.0 0.0 1.3135499954223633 249.0 1.330519522E12 2839.575632589
216 10.643997034057975 43.66970156785101 0.0 0.0 1.3135499954223633 246.0 1.330519523E12 2840.579250422
217 10.643981108441949 43.6696949461475 0.0 0.0 1.376099944114685 243.0 1.330519524E12 2841.625964548
218 10.643966272473335 43.66968819871545 0.0 0.0 1.4386500120162964 242.0 1.330519525E12 2842.697493006
219 10.643951604142785 43.66968107409775 0.0 0.0 1.3135499954223633 239.0 1.330519526E12 2843.685085714
220 10.643937941640615 43.66967340465635 0.0 0.0 1.376099944114685 236.0 1.330519527E12 2844.559404297
221 10.643925787881017 43.669665860943496 0.0 0.0 1.376099944114685 234.0 1.330519528E12 2845.601836464
222 10.643912963569164 43.669657940045 0.0 0.0 1.376099944114685 232.0 1.330519529E12 2846.596732506
223 10.643900642171502 43.66965014487505 0.0 0.0 1.3135499954223633 231.0 1.33051953E12 2847.631382089
224 10.64388882368803 43.66964176297188 0.0 0.0 1.376099944114685 229.0 1.330519531E12 2848.644429797
225 10.643878262490034 43.669632584787905 0.0 0.0 1.376099944114685 226.0 1.330519532E12 2849.663832131
226 10.643868204206228 43.669623071327806 0.0 0.0 1.3135499954223633 224.0 1.330519533E12 2850.564180339
227 10.643858145922422 43.66961339022964 0.0 0.0 1.3135499954223633 222.0 1.330519534E12 2851.632505173
228 10.64384926110506 43.66960341576487 0.0 0.0 1.3135499954223633 218.0 1.330519535E12 2852.633717964
229 10.64384046010673 43.66959314793348 0.0 0.0 1.376099944114685 217.0 1.330519536E12 2853.672912339
230 10.643831491470337 43.669583005830646 0.0 0.0 1.3135499954223633 216.0 1.330519537E12 2854.556874214
231 10.643822019919753 43.66957185789943 0.0 0.0 1.376099944114685 214.0 1.330519538E12 2855.620768173
232 10.643816068768501 43.66956142242998 0.0 0.0 1.2510000467300415 210.0 1.330519539E12 2856.665730797
233 10.643810033798218 43.66955040022731 0.0 0.0 1.376099944114685 208.0 1.33051954E12 2857.581616256
234 10.643803915008903 43.669539000838995 0.0 0.0 1.376099944114685 206.0 1.330519541E12 2858.582642006
235 10.64379838295281 43.66952751763165 0.0 0.0 1.3135499954223633 204.0 1.330519542E12 2859.654419547
236 10.643793186172843 43.66951578296721 0.0 0.0 1.3135499954223633 201.0 1.330519543E12 2860.566973881
237 10.64378865994513 43.66950367111713 0.0 0.0 1.376099944114685 199.0 1.330519544E12 2861.618975839
238 10.643784385174513 43.669491140171885 0.0 0.0 1.376099944114685 197.0 1.330519545E12 2862.670687298
239 10.643781032413244 43.66947852540761 0.0 0.0 1.376099944114685 195.0 1.330519546E12 2863.554318797
240 10.643777763471007 43.669465449638665 0.0 0.0 1.4386500120162964 193.0 1.330519547E12 2864.593513714
241 10.643776087090373 43.669453505426645 0.0 0.0 1.2510000467300415 191.0 1.330519548E12 2865.594834756
242 10.643774410709739 43.669441561214626 0.0 0.0 1.3135499954223633 190.0 1.330519549E12 2866.631487423
243 10.643773907795548 43.669429742731154 0.0 0.0 1.2510000467300415 187.0 1.33051955E12 2867.653149631
244 10.643773572519422 43.669418008066714 0.0 0.0 1.2510000467300415 186.0 1.330519551E12 2868.576215214
245 10.643774159252644 43.669406063854694 0.0 0.0 1.3135499954223633 183.0 1.330519552E12 2869.633331881
246 10.643774829804897 43.66939407773316 0.0 0.0 1.3135499954223633 182.0 1.330519553E12 2870.584097714
247 10.643774829804897 43.669381882064044 0.0 0.0 1.3135499954223633 182.0 1.330519554E12 2871.630761589
248 10.643775165081024 43.66937006358057 0.0 0.0 1.2510000467300415 181.0 1.330519555E12 2872.615485631
249 10.643775835633278 43.669357909820974 0.0 0.0 1.376099944114685 180.0 1.330519556E12 2873.680806589
250 10.643776673823595 43.66934550460428 0.0 0.0 1.2510000467300415 179.0 1.330519557E12 2874.660065964
251 10.643776506185532 43.6693331412971 0.0 0.0 1.3135499954223633 180.0 1.330519558E12 2875.555645339
252 10.643776003271341 43.669321071356535 0.0 0.0 1.3135499954223633 181.0 1.330519559E12 2876.588646131
253 10.643775584176183 43.66930854041129 0.0 0.0 1.376099944114685 180.0 1.33051956E12 2877.609127381
254 10.643776087090373 43.669295967556536 0.0 0.0 1.3135499954223633 180.0 1.330519561E12 2878.635292089
255 10.6437764223665 43.66928406525403 0.0 0.0 1.1884499788284302 180.0 1.330519562E12 2879.662125714
256 10.643777176737785 43.66927186958492 0.0 0.0 1.3135499954223633 179.0 1.330519563E12 2880.569239964
257 10.643777344375849 43.66925938054919 0.0 0.0 1.3135499954223633 179.0 1.330519564E12 2881.606611131
258 10.643777092918754 43.66924689151347 0.0 0.0 1.3135499954223633 180.0 1.330519565E12 2882.663401381
259 10.643777176737785 43.66923494730145 0.0 0.0 1.2510000467300415 179.0 1.330519566E12 2883.565157672
260 10.64377742819488 43.66922321263701 0.0 0.0 1.1884499788284302 179.0 1.330519567E12 2884.619125631
261 10.643777595832944 43.66921151988208 0.0 0.0 1.1884499788284302 180.0 1.330519568E12 2885.625766923
262 10.643777679651976 43.66920012049377 0.0 0.0 1.1884499788284302 180.0 1.330519569E12 2886.696050006
263 10.643777847290039 43.669188427738845 0.0 0.0 1.1884499788284302 180.0 1.33051957E12 2887.586022047
264 10.64377835020423 43.66917686071247 0.0 0.0 1.1259000301361084 179.0 1.330519571E12 2888.594914714
265 10.643778769299388 43.669164958409965 0.0 0.0 1.1884499788284302 180.0 1.330519572E12 2889.678789172
266 10.64377835020423 43.669153014197946 0.0 0.0 1.1884499788284302 180.0 1.330519573E12 2890.655264964
267 10.643778014928102 43.669141195714474 0.0 0.0 1.1884499788284302 181.0 1.330519574E12 2891.674521881
268 10.643777595832944 43.669129251502454 0.0 0.0 1.1884499788284302 181.0 1.330519575E12 2892.573794672
269 10.643776757642627 43.66911739110947 0.0 0.0 1.1884499788284302 182.0 1.330519576E12 2893.583051381
270 10.643776673823595 43.66910548880696 0.0 0.0 1.1884499788284302 181.0 1.330519577E12 2894.604115256
271 10.643777260556817 43.669093628413975 0.0 0.0 1.1884499788284302 180.0 1.330519578E12 2895.620721381
272 10.643777595832944 43.669081390835345 0.0 0.0 1.2510000467300415 182.0 1.330519579E12 2896.643407089
273 10.643777009099722 43.669069362804294 0.0 0.0 1.2510000467300415 182.0 1.33051958E12 2897.714892464
274 10.643776673823595 43.6690569575876 0.0 0.0 1.3135499954223633 182.0 1.330519581E12 2898.638779506
275 10.643776506185532 43.66904488764703 0.0 0.0 1.2510000467300415 182.0 1.330519582E12 2899.611365089
276 10.643777092918754 43.66903311107308 0.0 0.0 1.2510000467300415 180.0 1.330519583E12 2900.653567297
277 10.643778182566166 43.66902146022767 0.0 0.0 1.1884499788284302 179.0 1.330519584E12 2901.576169381
278 10.643778601661325 43.66900980938226 0.0 0.0 1.1884499788284302 180.0 1.330519585E12 2902.575687839
279 10.64377935603261 43.66899840999395 0.0 0.0 1.1884499788284302 179.0 1.330519586E12 2903.592442173
280 10.643780026584864 43.66898696869612 0.0 0.0 1.2510000467300415 179.0 1.330519587E12 2904.585620173
281 10.643780529499054 43.66897519212216 0.0 0.0 1.1884499788284302 179.0 1.330519588E12 2905.615386964
282 10.64378228969872 43.66896345745772 0.0 0.0 1.2510000467300415 177.0 1.330519589E12 2906.637749464
283 10.643784971907735 43.66895235143602 0.0 0.0 1.1259000301361084 176.0 1.33051959E12 2907.665604464
284 10.643785558640957 43.668941371142864 0.0 0.0 1.1259000301361084 179.0 1.330519591E12 2908.585575756
285 10.643785391002893 43.66893051657826 0.0 0.0 1.1259000301361084 179.0 1.330519592E12 2909.636640548
286 10.643787486478686 43.66891915909946 0.0 0.0 1.1884499788284302 177.0 1.330519593E12 2910.629031422
287 10.643788911402225 43.66890721488744 0.0 0.0 1.1884499788284302 178.0 1.330519594E12 2911.656503006
288 10.643789917230606 43.66889589931816 0.0 0.0 1.1884499788284302 178.0 1.330519595E12 2912.576173006
289 10.643791677430272 43.66888374555856 0.0 0.0 1.2510000467300415 178.0 1.330519596E12 2913.565568298
290 10.643791761249304 43.6688714241609 0.0 0.0 1.1884499788284302 180.0 1.330519597E12 2914.635823631
291 10.643791845068336 43.66885885130614 0.0 0.0 1.3135499954223633 180.0 1.330519598E12 2915.714365047
292 10.64379301853478 43.66884611081332 0.0 0.0 1.2510000467300415 179.0 1.330519599E12 2916.561132964
293 10.643793689087033 43.668833202682436 0.0 0.0 1.3135499954223633 179.0 1.3305196E12 2917.615665923
294 10.643793940544128 43.6688204202801 0.0 0.0 1.3135499954223633 179.0 1.330519601E12 2918.672506923
295 10.643794108182192 43.66880805697292 0.0 0.0 1.2510000467300415 179.0 1.330519602E12 2919.607471506
296 10.643793102353811 43.668796070851386 0.0 0.0 1.2510000467300415 181.0 1.330519603E12 2920.609723297
297 10.64379251562059 43.668784252367914 0.0 0.0 1.1259000301361084 181.0 1.330519604E12 2921.690781047
298 10.643792850896716 43.668771805241704 0.0 0.0 1.3135499954223633 180.0 1.330519605E12 2922.592282714
299 10.643793102353811 43.66875868756324 0.0 0.0 1.2510000467300415 179.0 1.330519606E12 2923.572934506
300 10.643794778734446 43.668746910989285 0.0 0.0 1.1259000301361084 177.0 1.330519607E12 2924.559987381
301 10.643796119838953 43.66873463150114 0.0 0.0 1.2510000467300415 177.0 1.330519608E12 2925.609700006
302 10.643796790391207 43.66872335784137 0.0 0.0 1.1259000301361084 177.0 1.330519609E12 2926.632889381
303 10.643797293305397 43.66871195845306 0.0 0.0 1.1884499788284302 179.0 1.33051961E12 2927.727555298
304 10.643797544762492 43.66870072670281 0.0 0.0 1.1259000301361084 178.0 1.330519611E12 2928.671486631
305 10.643798550590873 43.66869020741433 0.0 0.0 1.1259000301361084 180.0 1.330519612E12 2929.603257256
