3 10.643771728500724 43.66876631509513 0.0 0.0 0.5629500150680542 258.0 1.330613623E12 3766.395392244
4 10.643773572519422 43.66875353269279 0.0 0.0 0.4378499984741211 229.0 1.330613634E12 3777.365131785
5 10.643773404881358 43.66874401923269 0.0 0.0 0.3127500116825104 208.0 1.330613636E12 3779.355123744
6 10.64376913011074 43.6687350505963 0.0 0.0 0.5004000067710876 204.0 1.330613638E12 3781.45980241
7 10.64376569353044 43.66872339975089 0.0 0.0 0.6880499720573425 202.0 1.33061364E12 3783.467045368
8 10.643765274435282 43.668705923482776 0.0 0.0 0.8756999969482422 192.0 1.330613642E12 3785.482401285
9 10.643765609711409 43.66869624238461 0.0 0.0 0.8131499886512756 190.0 1.330613643E12 3786.368015577
10 10.643764771521091 43.66868718992919 0.0 0.0 0.8756999969482422 189.0 1.330613644E12 3787.411625993
11 10.643765442073345 43.66867139004171 0.0 0.0 0.8756999969482422 185.0 1.330613646E12 3789.354541035
12 10.643771393224597 43.66865621879697 0.0 0.0 0.6880499720573425 179.0 1.330613648E12 3791.570560244
13 10.643776841461658 43.66864100564271 0.0 0.0 0.8756999969482422 176.0 1.33061365E12 3793.337888785
14 10.64378379844129 43.66862390656024 0.0 0.0 0.8756999969482422 171.0 1.330613652E12 3795.441976618
15 10.643787318840623 43.668615273199975 0.0 0.0 0.8756999969482422 169.0 1.330613653E12 3796.631015909
16 10.643791845068336 43.66860651411116 0.0 0.0 0.6880499720573425 169.0 1.330613654E12 3797.413801035
17 10.643801568076015 43.66858954075724 0.0 0.0 1.0008000135421753 163.0 1.330613656E12 3799.344927868
18 10.64380768686533 43.668581577949226 0.0 0.0 0.8756999969482422 161.0 1.330613657E12 3800.378430035
19 10.643817409873009 43.6685672448948 0.0 0.0 0.9382500052452087 158.0 1.330613659E12 3802.374941576
20 10.643827384337783 43.66855131927878 0.0 0.0 0.9382500052452087 156.0 1.330613661E12 3804.515587327
21 10.643840208649635 43.66853702813387 0.0 0.0 0.8756999969482422 153.0 1.330613663E12 3806.414447701
22 10.643854876980186 43.66852181497961 0.0 0.0 1.1884499788284302 148.0 1.330613665E12 3808.380533951
23 10.643863091245294 43.66851393599063 0.0 0.0 0.9382500052452087 146.0 1.330613666E12 3809.439488285
24 10.643871389329433 43.66850655991584 0.0 0.0 1.063349962234497 145.0 1.330613667E12 3810.350154702
25 10.643880190327764 43.6684990581125 0.0 0.0 1.0008000135421753 143.0 1.330613668E12 3811.824746618
26 10.643897540867329 43.66848703008145 0.0 0.0 0.9382500052452087 138.0 1.33061367E12 3813.428118702
27 10.643906174227595 43.66847977973521 0.0 0.0 1.1259000301361084 140.0 1.330613671E12 3814.350445577
28 10.643913969397545 43.66847215220332 0.0 0.0 0.9382500052452087 142.0 1.330613672E12 3815.350436619
29 10.643922267481685 43.66846343502402 0.0 0.0 1.1884499788284302 145.0 1.330613673E12 3816.626037743
30 10.643931571394205 43.66845446638763 0.0 0.0 1.1884499788284302 144.0 1.330613674E12 3817.364164535
31 10.643941713497043 43.66844780277461 0.0 0.0 0.9382500052452087 139.0 1.330613675E12 3818.38697591
32 10.643952274695039 43.668441851623356 0.0 0.0 1.0008000135421753 136.0 1.330613676E12 3819.441055409
33 10.643971050158143 43.668431248515844 0.0 0.0 0.8756999969482422 133.0 1.330613678E12 3821.397732577
34 10.643982784822583 43.668425590731204 0.0 0.0 1.1259000301361084 129.0 1.330613679E12 3822.418669951
35 10.643993513658643 43.66841938812286 0.0 0.0 1.0008000135421753 131.0 1.33061368E12 3823.32910091
36 10.644005248323083 43.66841058712453 0.0 0.0 1.2510000467300415 134.0 1.330613681E12 3824.360356701
37 10.64401681534946 43.66840358823538 0.0 0.0 0.8756999969482422 133.0 1.330613682E12 3825.40277866
38 10.644027711823583 43.668396840803325 0.0 0.0 1.063349962234497 133.0 1.330613683E12 3826.454996076
39 10.644037267193198 43.66838967427611 0.0 0.0 1.063349962234497 135.0 1.330613684E12 3827.343277827
40 10.644048415124416 43.66838422603905 0.0 0.0 1.063349962234497 129.0 1.330613685E12 3828.372165285
41 10.64406182616949 43.668378023430705 0.0 0.0 1.1884499788284302 129.0 1.330613686E12 3829.364273785
42 10.644073896110058 43.66837018635124 0.0 0.0 1.2510000467300415 131.0 1.330613687E12 3830.372189577
43 10.644085379317403 43.66836281027645 0.0 0.0 1.1259000301361084 133.0 1.330613688E12 3831.41393666
44 10.644097365438938 43.66835702676326 0.0 0.0 1.1259000301361084 129.0 1.330613689E12 3832.401618993
45 10.644110441207886 43.668352123349905 0.0 0.0 1.1259000301361084 125.0 1.33061369E12 3833.451515452
46 10.644122930243611 43.668345459736884 0.0 0.0 1.1884499788284302 129.0 1.330613691E12 3834.353047785
47 10.644135419279337 43.668339676223695 0.0 0.0 1.1259000301361084 126.0 1.330613692E12 3835.390916076
48 10.644149417057633 43.66833435371518 0.0 0.0 1.3135499954223633 124.0 1.330613693E12 3836.402961993
49 10.6441649235785 43.668329659849405 0.0 0.0 1.4386500120162964 120.0 1.330613694E12 3837.428719951
50 10.644181603565812 43.66832706145942 0.0 0.0 1.3135499954223633 114.0 1.330613695E12 3838.438642243
51 10.64419660717249 43.66832664236426 0.0 0.0 1.1259000301361084 108.0 1.330613696E12 3839.334279035
52 10.644210018217564 43.66832681000233 0.0 0.0 1.1884499788284302 104.0 1.330613697E12 3840.35383441
53 10.644222758710384 43.66832668427378 0.0 0.0 1.063349962234497 102.0 1.330613698E12 3841.356671243
54 10.644243713468313 43.6683248821646 0.0 0.0 0.8756999969482422 102.0 1.3306137E12 3843.349204826
55 10.644268104806542 43.66832312196493 0.0 0.0 0.6880499720573425 101.0 1.330613702E12 3845.478653285
56 10.644292328506708 43.66832341533154 0.0 0.0 0.9382500052452087 93.0 1.330613704E12 3847.388514576
57 10.644305488094687 43.66832576226443 0.0 0.0 1.063349962234497 89.0 1.330613705E12 3848.427821493
58 10.644318982958794 43.66832739673555 0.0 0.0 1.0008000135421753 88.0 1.330613706E12 3849.348079701
59 10.644331807270646 43.66832928266376 0.0 0.0 1.0008000135421753 85.0 1.330613707E12 3850.473215868
60 10.644344380125403 43.66833142004907 0.0 0.0 1.0008000135421753 84.0 1.330613708E12 3851.340258034
61 10.644357204437256 43.66833338979632 0.0 0.0 1.0008000135421753 83.0 1.330613709E12 3852.398933951
62 10.644370028749108 43.66833565291017 0.0 0.0 1.0008000135421753 82.0 1.33061371E12 3853.413893451
63 10.644382685422897 43.6683375807479 0.0 0.0 0.9382500052452087 81.0 1.330613711E12 3854.441056076
64 10.644395258277655 43.668339382857084 0.0 0.0 1.0008000135421753 81.0 1.330613712E12 3855.356685284
65 10.644407663494349 43.66834185551852 0.0 0.0 1.0008000135421753 79.0 1.330613713E12 3856.381309618
66 10.644420487806201 43.668344831094146 0.0 0.0 1.0008000135421753 78.0 1.330613714E12 3857.439351701
67 10.64443314447999 43.668347974307835 0.0 0.0 1.0008000135421753 76.0 1.330613715E12 3858.358090784
68 10.64445611089468 43.66835036315024 0.0 0.0 0.9382500052452087 82.0 1.330613717E12 3860.506789743
69 10.644479999318719 43.66835618857294 0.0 0.0 1.063349962234497 75.0 1.330613719E12 3862.300932784
70 10.64449181780219 43.668360211886466 0.0 0.0 0.9382500052452087 72.0 1.33061372E12 3863.330350951
71 10.644503133371472 43.66836431901902 0.0 0.0 0.9382500052452087 70.0 1.330613721E12 3864.341539659
72 10.644514616578817 43.66836884524673 0.0 0.0 1.0008000135421753 67.0 1.330613722E12 3865.251096034
73 10.64452551305294 43.6683740420267 0.0 0.0 1.0008000135421753 64.0 1.330613723E12 3866.326064034
74 10.644536577165127 43.668379532173276 0.0 0.0 1.0008000135421753 62.0 1.330613724E12 3867.375811326
75 10.644547138363123 43.66838506422937 0.0 0.0 0.9382500052452087 60.0 1.330613725E12 3868.242086201
76 10.644557448104024 43.66839063819498 0.0 0.0 1.0008000135421753 59.0 1.330613726E12 3869.274904409
77 10.644567925482988 43.6683962540701 0.0 0.0 0.9382500052452087 58.0 1.330613727E12 3870.321347118
78 10.644578319042921 43.66840157657862 0.0 0.0 0.9382500052452087 58.0 1.330613728E12 3871.412332077
79 10.64458854496479 43.66840689908713 0.0 0.0 0.9382500052452087 57.0 1.330613729E12 3872.402430577
80 10.644598603248596 43.6684126406908 0.0 0.0 0.9382500052452087 55.0 1.33061373E12 3873.417673452
81 10.64460807479918 43.66841892711818 0.0 0.0 0.9382500052452087 53.0 1.330613731E12 3874.397333827
82 10.644617043435574 43.66842529736459 0.0 0.0 0.9382500052452087 51.0 1.330613732E12 3875.327381452
83 10.644626012071967 43.668431960977614 0.0 0.0 0.9382500052452087 50.0 1.330613733E12 3876.248937493
84 10.644636070355773 43.66843895986676 0.0 0.0 1.063349962234497 49.0 1.330613734E12 3877.291681202
85 10.644645290449262 43.668446419760585 0.0 0.0 0.9382500052452087 46.0 1.330613735E12 3878.360869702
86 10.64465350471437 43.66845417302102 0.0 0.0 1.0008000135421753 44.0 1.330613736E12 3879.398158993
87 10.644660545513034 43.66846184246242 0.0 0.0 0.8756999969482422 40.0 1.330613737E12 3880.39866716
88 10.644667753949761 43.66846993099898 0.0 0.0 1.0008000135421753 40.0 1.330613738E12 3881.445418535
89 10.644675297662616 43.668477893806994 0.0 0.0 1.0008000135421753 40.0 1.330613739E12 3882.36956366
90 10.644684936851263 43.66848623380065 0.0 0.0 1.1884499788284302 41.0 1.33061374E12 3883.397228827
91 10.644697090610862 43.668494992889464 0.0 0.0 1.376099944114685 44.0 1.330613741E12 3884.407766035
92 10.64470681361854 43.668503374792635 0.0 0.0 1.063349962234497 42.0 1.330613742E12 3885.43657641
93 10.644723577424884 43.66851749829948 0.0 0.0 1.1259000301361084 45.0 1.330613744E12 3887.32871266
94 10.644733803346753 43.66852667648345 0.0 0.0 1.3135499954223633 43.0 1.330613745E12 3888.366641368
95 10.644739838317037 43.668536860495806 0.0 0.0 1.063349962234497 36.0 1.330613746E12 3889.241687535
96 10.644744951277971 43.668546583503485 0.0 0.0 1.063349962234497 33.0 1.330613747E12 3890.292982285
97 10.644749728962779 43.668556096963584 0.0 0.0 1.0008000135421753 30.0 1.330613748E12 3891.352654952
98 10.64475366845727 43.66856607142836 0.0 0.0 1.063349962234497 26.0 1.330613749E12 3892.22488916
99 10.64475660212338 43.66857583634555 0.0 0.0 1.0008000135421753 23.0 1.33061375E12 3893.305667702
100 10.644760793074965 43.66858660709113 0.0 0.0 1.0008000135421753 22.0 1.330613751E12 3894.270587368
101 10.64476490020752 43.668596162460744 0.0 0.0 1.0008000135421753 21.0 1.330613752E12 3895.301160702
102 10.644767247140408 43.66860538255423 0.0 0.0 0.9382500052452087 18.0 1.330613753E12 3896.307945827
103 10.644769426435232 43.66861510556191 0.0 0.0 1.0008000135421753 16.0 1.330613754E12 3897.244463993
104 10.64477127045393 43.668625289574265 0.0 0.0 1.1259000301361084 15.0 1.330613755E12 3898.254087826
105 10.644774455577135 43.66863559931517 0.0 0.0 1.063349962234497 15.0 1.330613756E12 3899.301140327
106 10.644776048138738 43.668645741418004 0.0 0.0 1.0008000135421753 12.0 1.330613757E12 3900.317084743
107 10.64477613195777 43.668656260706484 0.0 0.0 1.063349962234497 9.0 1.330613758E12 3901.326805702
108 10.644776467233896 43.66866615135223 0.0 0.0 0.9382500052452087 8.0 1.330613759E12 3902.267299327
109 10.644775629043579 43.668675580993295 0.0 0.0 0.9382500052452087 6.0 1.33061376E12 3903.26373191
110 10.644775042310357 43.66868475917727 0.0 0.0 0.8756999969482422 4.0 1.330613761E12 3904.313384243
111 10.644774287939072 43.66869477555156 0.0 0.0 1.0008000135421753 2.0 1.330613762E12 3905.34657291
112 10.644773365929723 43.66870433092117 0.0 0.0 0.9382500052452087 1.0 1.330613763E12 3906.250100202
113 10.644772695377469 43.66871363483369 0.0 0.0 0.9382500052452087 2.0 1.330613764E12 3907.311820493
114 10.644771857187152 43.66872348356992 0.0 0.0 1.0008000135421753 1.0 1.330613765E12 3908.355994827
115 10.644771521911025 43.66873287130147 0.0 0.0 1.0008000135421753 1.0 1.330613766E12 3909.403593035
116 10.64477076753974 43.66874322295189 0.0 0.0 0.8131499886512756 3.0 1.330613767E12 3910.40431216
117 10.64476783387363 43.668761663138866 0.0 0.0 1.0008000135421753 1.0 1.330613769E12 3912.552833285
118 10.644767163321376 43.668773607350886 0.0 0.0 1.376099944114685 0.0 1.33061377E12 3913.343752076
119 10.644765570759773 43.66878471337259 0.0 0.0 1.063349962234497 358.0 1.330613771E12 3914.36770816
120 10.644762050360441 43.66880047135055 0.0 0.0 0.7506000399589539 358.0 1.330613773E12 3916.350988535
121 10.644763810560107 43.66881677415222 0.0 0.0 0.9382500052452087 4.0 1.330613775E12 3918.243477535
122 10.644763559103012 43.66882658097893 0.0 0.0 1.0008000135421753 3.0 1.330613776E12 3919.278017493
123 10.644762134179473 43.66883609443903 0.0 0.0 0.8756999969482422 0.0 1.330613777E12 3920.279117785
124 10.644759871065617 43.668845356442034 0.0 0.0 0.8756999969482422 359.0 1.330613778E12 3921.381943118
125 10.64475852996111 43.66885449271649 0.0 0.0 0.8756999969482422 0.0 1.330613779E12 3922.231158368
126 10.644757524132729 43.66886392235756 0.0 0.0 0.8756999969482422 359.0 1.33061378E12 3923.273246077
127 10.644756853580475 43.668873771093786 0.0 0.0 1.0008000135421753 0.0 1.330613781E12 3924.367675952
128 10.644755093380809 43.6688841227442 0.0 0.0 1.063349962234497 358.0 1.330613782E12 3925.259247826
129 10.644754422828555 43.66889497730881 0.0 0.0 1.0008000135421753 359.0 1.330613783E12 3926.290909118
130 10.64475274644792 43.66890549659729 0.0 0.0 1.0008000135421753 359.0 1.330613784E12 3927.307377952
131 10.644752411171794 43.66891580633819 0.0 0.0 1.0008000135421753 0.0 1.330613785E12 3928.352437035
132 10.644752327352762 43.668926199898124 0.0 0.0 1.0008000135421753 0.0 1.330613786E12 3929.254872701
133 10.644751824438572 43.66893676109612 0.0 0.0 1.0008000135421753 0.0 1.330613787E12 3930.284982576
134 10.64475174061954 43.66894635837525 0.0 0.0 0.9382500052452087 1.0 1.330613788E12 3931.303934368
135 10.644751153886318 43.66895591374487 0.0 0.0 0.9382500052452087 1.0 1.330613789E12 3932.34908666
136 10.644750399515033 43.66896496620029 0.0 0.0 1.0008000135421753 0.0 1.33061379E12 3933.261571618
137 10.644749728962779 43.66897531785071 0.0 0.0 1.063349962234497 0.0 1.330613791E12 3934.336667826
138 10.644749980419874 43.66898483131081 0.0 0.0 1.0008000135421753 1.0 1.330613792E12 3935.358768659
139 10.644749645143747 43.668994973413646 0.0 0.0 1.063349962234497 0.0 1.330613793E12 3936.287513284
140 10.644748974591494 43.66900482214987 0.0 0.0 1.063349962234497 0.0 1.330613794E12 3937.323267701
141 10.644754003733397 43.66902187932283 0.0 0.0 0.8131499886512756 12.0 1.330613796E12 3939.440350076
142 10.644754841923714 43.66904174443334 0.0 0.0 1.063349962234497 7.0 1.330613798E12 3941.351961368
143 10.644754255190492 43.669052766636014 0.0 0.0 1.063349962234497 5.0 1.330613799E12 3942.420383201
144 10.644753417000175 43.66906345356256 0.0 0.0 1.0008000135421753 4.0 1.3306138E12 3943.243100451
145 10.644752914085984 43.66907376330346 0.0 0.0 1.0008000135421753 2.0 1.330613801E12 3944.267642701
146 10.64475274644792 43.66908336058259 0.0 0.0 0.9382500052452087 2.0 1.330613802E12 3945.301812118
147 10.644753836095333 43.66909304168075 0.0 0.0 1.0008000135421753 3.0 1.330613803E12 3946.342665409
148 10.644754590466619 43.669103351421654 0.0 0.0 1.0008000135421753 4.0 1.330613804E12 3947.255276909
149 10.644755596295 43.669113661162555 0.0 0.0 1.1259000301361084 5.0 1.330613805E12 3948.340657034
150 10.644756434485316 43.66912376135588 0.0 0.0 1.0008000135421753 4.0 1.330613806E12 3949.259845826
151 10.644755763933063 43.66913377773017 0.0 0.0 0.9382500052452087 2.0 1.330613807E12 3950.289357992
152 10.644754925742745 43.66915389429778 0.0 0.0 1.3135499954223633 3.0 1.330613809E12 3952.261770159
153 10.644754255190492 43.66916608996689 0.0 0.0 1.1259000301361084 3.0 1.33061381E12 3953.285751534
154 10.644753919914365 43.66917585488409 0.0 0.0 1.0008000135421753 2.0 1.330613811E12 3954.315962576
155 10.644753500819206 43.66918553598225 0.0 0.0 1.0008000135421753 3.0 1.330613812E12 3955.368635909
156 10.644753081724048 43.66919555235654 0.0 0.0 1.063349962234497 2.0 1.330613813E12 3956.251402409
157 10.64475274644792 43.669205820187926 0.0 0.0 1.063349962234497 2.0 1.330613814E12 3957.302950451
158 10.644752159714699 43.66921617183834 0.0 0.0 1.0008000135421753 2.0 1.330613815E12 3958.310868951
159 10.644751908257604 43.669225266203284 0.0 0.0 1.063349962234497 2.0 1.330613816E12 3959.275740909
160 10.644750986248255 43.66923469584435 0.0 0.0 1.0008000135421753 1.0 1.330613817E12 3960.278470076
161 10.64475073479116 43.669245298951864 0.0 0.0 1.063349962234497 1.0 1.330613818E12 3961.315933076
162 10.644751153886318 43.66925644688308 0.0 0.0 1.1259000301361084 1.0 1.330613819E12 3962.334146909
163 10.644750986248255 43.66926717571914 0.0 0.0 1.063349962234497 1.0 1.33061382E12 3963.348577284
164 10.64475073479116 43.669277066364884 0.0 0.0 1.063349962234497 1.0 1.330613821E12 3964.246935784
165 10.644750567153096 43.66928712464869 0.0 0.0 1.063349962234497 1.0 1.330613822E12 3965.301355826
166 10.64475073479116 43.669297099113464 0.0 0.0 1.063349962234497 2.0 1.330613823E12 3966.318243534
167 10.644750902429223 43.669306612573564 0.0 0.0 0.9382500052452087 2.0 1.330613824E12 3967.277954826
168 10.644754003733397 43.66932790260762 0.0 0.0 1.4386500120162964 6.0 1.330613826E12 3969.421674868
169 10.644753333181143 43.66933942772448 0.0 0.0 1.063349962234497 3.0 1.330613827E12 3970.370413993
170 10.644754087552428 43.66935074329376 0.0 0.0 1.2510000467300415 5.0 1.330613828E12 3971.370300993
171 10.644756183028221 43.669361136853695 0.0 0.0 1.0008000135421753 7.0 1.330613829E12 3972.39011066
172 10.644757272675633 43.66937140468508 0.0 0.0 1.1259000301361084 6.0 1.33061383E12 3973.234072451
173 10.644757272675633 43.66938192397356 0.0 0.0 1.063349962234497 5.0 1.330613831E12 3974.254078451
174 10.644757021218538 43.669391688890755 0.0 0.0 1.0008000135421753 4.0 1.330613832E12 3975.294101701
175 10.644756434485316 43.669401495717466 0.0 0.0 1.0008000135421753 3.0 1.330613833E12 3976.329754451
176 10.64475568011403 43.66941113490611 0.0 0.0 1.0008000135421753 1.0 1.330613834E12 3977.336746952
177 10.644754841923714 43.66942085791379 0.0 0.0 1.0008000135421753 2.0 1.330613835E12 3978.403718118
178 10.64475467428565 43.669430036097765 0.0 0.0 0.9382500052452087 3.0 1.330613836E12 3979.262599452
179 10.644755596295 43.66943921428174 0.0 0.0 0.9382500052452087 4.0 1.330613837E12 3980.313582701
180 10.644758194684982 43.66945702582598 0.0 0.0 1.0008000135421753 9.0 1.330613839E12 3982.238197077
181 10.64475760795176 43.669466665014625 0.0 0.0 1.0008000135421753 5.0 1.33061384E12 3983.33831166
182 10.644754758104682 43.66947605274618 0.0 0.0 1.063349962234497 358.0 1.330613841E12 3984.377393118
183 10.644751824438572 43.669485566206276 0.0 0.0 1.063349962234497 356.0 1.330613842E12 3985.262555285
184 10.644748723134398 43.66949491202831 0.0 0.0 0.9382500052452087 355.0 1.330613843E12 3986.291209284
185 10.644746124744415 43.66950383875519 0.0 0.0 1.0008000135421753 354.0 1.330613844E12 3987.315770952
186 10.644743777811527 43.66951322648674 0.0 0.0 1.0008000135421753 354.0 1.330613845E12 3988.325053243
187 10.644741514697671 43.66952328477055 0.0 0.0 1.063349962234497 354.0 1.330613846E12 3989.35160666
188 10.644738161936402 43.66953300777823 0.0 0.0 1.063349962234497 354.0 1.330613847E12 3990.385693744
189 10.644729109480977 43.669549310579896 0.0 0.0 1.0008000135421753 350.0 1.330613849E12 3992.274314951
190 10.644724583253264 43.6695577763021 0.0 0.0 0.9382500052452087 348.0 1.33061385E12 3993.315815535
191 10.644715446978807 43.66957437247038 0.0 0.0 1.0008000135421753 346.0 1.330613852E12 3995.439739785
192 10.644703041762114 43.66958845406771 0.0 0.0 0.8131499886512756 341.0 1.330613854E12 3997.359067785
193 10.6446882057935 43.66960329003632 0.0 0.0 1.0008000135421753 337.0 1.330613856E12 3999.33793466
194 10.644679237157106 43.66960966028273 0.0 0.0 0.9382500052452087 335.0 1.330613857E12 4000.275470243
195 10.644672280177474 43.669618628919125 0.0 0.0 0.8756999969482422 334.0 1.330613858E12 4001.267463202
196 10.644664317369461 43.669628351926804 0.0 0.0 1.0008000135421753 330.0 1.330613859E12 4002.284022451
197 10.644655348733068 43.66964172106236 0.0 0.0 1.0008000135421753 328.0 1.33061386E12 4003.318373493
198 10.644648056477308 43.66964976768941 0.0 0.0 1.0008000135421753 328.0 1.330613861E12 4004.335224451
199 10.644639423117042 43.66965739522129 0.0 0.0 1.0008000135421753 326.0 1.330613862E12 4005.363970701
200 10.644630873575807 43.66966573521495 0.0 0.0 1.063349962234497 327.0 1.330613863E12 4006.246429285
201 10.644621821120381 43.66967290174216 0.0 0.0 1.0008000135421753 325.0 1.330613864E12 4007.300919326
202 10.64461243338883 43.669680026359856 0.0 0.0 1.0008000135421753 323.0 1.330613865E12 4008.320136576
203 10.644592316821218 43.66969050373882 0.0 0.0 0.9382500052452087 313.0 1.330613867E12 4010.459395701
204 10.644579827785492 43.669697334989905 0.0 0.0 1.0008000135421753 312.0 1.330613868E12 4011.271884618
205 10.644568260759115 43.66970345377922 0.0 0.0 1.0008000135421753 310.0 1.330613869E12 4012.320880243
206 10.644557364284992 43.66971015930176 0.0 0.0 0.9382500052452087 309.0 1.33061387E12 4013.265758035
207 10.644546886906028 43.66971548181027 0.0 0.0 0.9382500052452087 307.0 1.330613871E12 4014.292649285
208 10.644536241889 43.66972038522363 0.0 0.0 0.9382500052452087 306.0 1.330613872E12 4015.325165869
209 10.644513862207532 43.66972947958857 0.0 0.0 1.0008000135421753 301.0 1.330613874E12 4017.253897701
210 10.644502798095345 43.66973383817822 0.0 0.0 0.9382500052452087 301.0 1.330613875E12 4018.307917743
211 10.644480837509036 43.66974259726703 0.0 0.0 0.9382500052452087 300.0 1.330613877E12 4020.352102285
212 10.6444688513875 43.66974775213748 0.0 0.0 1.0008000135421753 300.0 1.330613878E12 4021.33972941
213 10.644455440342426 43.66975169163197 0.0 0.0 1.0008000135421753 297.0 1.330613879E12 4022.255491827
214 10.644441861659288 43.669755421578884 0.0 0.0 1.063349962234497 295.0 1.33061388E12 4023.291443202
215 10.644429372623563 43.66975910961628 0.0 0.0 0.9382500052452087 294.0 1.330613881E12 4024.307931952
216 10.644417805597186 43.66976246237755 0.0 0.0 0.8756999969482422 292.0 1.330613882E12 4025.379386701
217 10.644406406208873 43.669766150414944 0.0 0.0 1.0008000135421753 292.0 1.330613883E12 4026.264688368
218 10.644393917173147 43.669769377447665 0.0 0.0 0.9382500052452087 291.0 1.330613884E12 4027.333930451
219 10.644370699301362 43.66977440658957 0.0 0.0 0.8756999969482422 287.0 1.330613886E12 4029.265987785
220 10.644357958808541 43.66977629251778 0.0 0.0 1.0008000135421753 285.0 1.330613887E12 4030.267537785
221 10.644345134496689 43.669777759350836 0.0 0.0 0.9382500052452087 283.0 1.330613888E12 4031.315241494
222 10.644332310184836 43.66977901663631 0.0 0.0 1.0008000135421753 281.0 1.330613889E12 4032.321866952
223 10.644319066777825 43.669780106283724 0.0 0.0 1.0008000135421753 279.0 1.33061389E12 4033.336849785
224 10.64430557191372 43.669781405478716 0.0 0.0 1.0008000135421753 278.0 1.330613891E12 4034.361062535
225 10.64429190941155 43.66978249512613 0.0 0.0 1.0008000135421753 277.0 1.330613892E12 4035.410495993
226 10.644278163090348 43.669782327488065 0.0 0.0 1.0008000135421753 274.0 1.330613893E12 4036.273327952
227 10.644264249131083 43.66978123784065 0.0 0.0 1.0008000135421753 272.0 1.330613894E12 4037.309181535
228 10.644250502809882 43.669780399650335 0.0 0.0 1.0008000135421753 270.0 1.330613895E12 4038.354050826
229 10.64423667266965 43.66977926809341 0.0 0.0 1.0008000135421753 269.0 1.330613896E12 4039.268988826
230 10.644223345443606 43.669777759350836 0.0 0.0 0.9382500052452087 267.0 1.330613897E12 4040.303080827
231 10.644210185855627 43.66977637633681 0.0 0.0 1.0008000135421753 265.0 1.330613898E12 4041.343979951
232 10.64419618807733 43.66977499332279 0.0 0.0 1.0008000135421753 265.0 1.330613899E12 4042.253166868
233 10.644182106480002 43.66977348458022 0.0 0.0 1.063349962234497 263.0 1.3306139E12 4043.286861285
234 10.644168443977833 43.66977113764733 0.0 0.0 1.063349962234497 261.0 1.330613901E12 4044.30813916
235 10.644154278561473 43.669769377447665 0.0 0.0 1.063349962234497 260.0 1.330613902E12 4045.318458451
236 10.6441390234977 43.66976669523865 0.0 0.0 1.063349962234497 257.0 1.330613903E12 4046.386015493
237 10.644124690443277 43.66976334247738 0.0 0.0 1.0008000135421753 255.0 1.330613904E12 4047.26395641
238 10.644110944122076 43.66975973825902 0.0 0.0 1.063349962234497 253.0 1.330613905E12 4048.328596951
239 10.644096862524748 43.66975588258356 0.0 0.0 1.1259000301361084 252.0 1.330613906E12 4049.345506951
240 10.644083702936769 43.66975181736052 0.0 0.0 1.063349962234497 249.0 1.330613907E12 4050.258616367
241 10.644071213901043 43.669747207313776 0.0 0.0 1.063349962234497 248.0 1.330613908E12 4051.298521742
242 10.644058724865317 43.669742513448 0.0 0.0 1.1259000301361084 246.0 1.330613909E12 4052.275208909
243 10.644047241657972 43.66973786149174 0.0 0.0 1.063349962234497 245.0 1.33061391E12 4053.284451992
244 10.644034668803215 43.669733460992575 0.0 0.0 1.063349962234497 244.0 1.330613911E12 4054.347798951
245 10.644021844491363 43.66972893476486 0.0 0.0 1.1259000301361084 243.0 1.330613912E12 4055.342525784
246 10.64400902017951 43.669723528437316 0.0 0.0 1.1259000301361084 241.0 1.330613913E12 4056.284303992
247 10.643996698781848 43.66971791256219 0.0 0.0 1.1259000301361084 240.0 1.330613914E12 4057.295565742
248 10.643984712660313 43.66971217095852 0.0 0.0 1.1259000301361084 238.0 1.330613915E12 4058.325302534
249 10.643973648548126 43.66970596835017 0.0 0.0 1.1259000301361084 236.0 1.330613916E12 4059.301776326
250 10.64396359026432 43.66970010101795 0.0 0.0 1.0008000135421753 234.0 1.330613917E12 4060.308522701
251 10.643953112885356 43.66969381459057 0.0 0.0 1.063349962234497 232.0 1.330613918E12 4061.306845118
252 10.64394204877317 43.66968736052513 0.0 0.0 1.1259000301361084 232.0 1.330613919E12 4062.339859492
253 10.643930230289698 43.669680445455015 0.0 0.0 1.1884499788284302 231.0 1.33061392E12 4063.259280701
254 10.643919166177511 43.669673153199255 0.0 0.0 1.1884499788284302 229.0 1.330613921E12 4064.273279701
255 10.643909024074674 43.66966581903398 0.0 0.0 1.1259000301361084 227.0 1.330613922E12 4065.302746909
256 10.643899636343122 43.66965915542096 0.0 0.0 1.1259000301361084 226.0 1.330613923E12 4066.310395784
257 10.643889578059316 43.66965152788907 0.0 0.0 1.1259000301361084 225.0 1.330613924E12 4067.289098909
258 10.643880274146795 43.669644235633314 0.0 0.0 1.1259000301361084 224.0 1.330613925E12 4068.285260993
259 10.643870886415243 43.669636440463364 0.0 0.0 1.063349962234497 222.0 1.330613926E12 4069.330566868
260 10.64386292360723 43.66962931584567 0.0 0.0 0.9382500052452087 220.0 1.330613927E12 4070.348948451
261 10.643851021304727 43.66961665917188 0.0 0.0 0.8756999969482422 216.0 1.330613929E12 4072.318719701
262 10.643837191164494 43.66960157174617 0.0 0.0 0.9382500052452087 214.0 1.330613931E12 4074.269866868
263 10.64382872544229 43.66959377657622 0.0 0.0 0.9382500052452087 215.0 1.330613932E12 4075.29521666
264 10.643813638016582 43.66957860533148 0.0 0.0 1.1259000301361084 213.0 1.330613934E12 4077.258639951
265 10.64380626194179 43.66957001388073 0.0 0.0 1.063349962234497 212.0 1.330613935E12 4078.280564369
266 10.64379989169538 43.66956033278257 0.0 0.0 1.063349962234497 208.0 1.330613936E12 4079.302179535
267 10.6437954492867 43.66955190896988 0.0 0.0 1.0008000135421753 207.0 1.330613937E12 4080.313458826
268 10.64378865994513 43.669535061344504 0.0 0.0 1.0008000135421753 202.0 1.330613939E12 4082.285659951
269 10.643785055726767 43.66952609270811 0.0 0.0 1.0008000135421753 200.0 1.33061394E12 4083.329397785
270 10.643781954422593 43.66951666306704 0.0 0.0 1.1884499788284302 200.0 1.330613941E12 4084.366008368
271 10.643779691308737 43.669507233425975 0.0 0.0 1.0008000135421753 196.0 1.330613942E12 4085.273907701
272 10.643778685480356 43.669498055242 0.0 0.0 1.063349962234497 193.0 1.330613943E12 4086.281561202
273 10.643777176737785 43.66948883514851 0.0 0.0 1.063349962234497 192.0 1.330613944E12 4087.331325827
274 10.643774578347802 43.66947093978524 0.0 0.0 1.0008000135421753 191.0 1.330613946E12 4089.267249952
275 10.643773907795548 43.66946171969175 0.0 0.0 1.0008000135421753 189.0 1.330613947E12 4090.301650202
276 10.643773069605231 43.66945216432214 0.0 0.0 1.063349962234497 188.0 1.330613948E12 4091.304054076
277 10.643772231414914 43.66944244131446 0.0 0.0 1.063349962234497 188.0 1.330613949E12 4092.276787952
278 10.643771812319756 43.66943271830678 0.0 0.0 1.0008000135421753 186.0 1.33061395E12 4093.31193316
279 10.6437729857862 43.669422660022974 0.0 0.0 1.1259000301361084 183.0 1.330613951E12 4094.276979702
280 10.643774745985866 43.66941235028207 0.0 0.0 1.1259000301361084 180.0 1.330613952E12 4095.341431827
281 10.643776506185532 43.66940216626972 0.0 0.0 1.1259000301361084 179.0 1.330613953E12 4096.263714993
282 10.643777260556817 43.66939194034785 0.0 0.0 1.1259000301361084 179.0 1.330613954E12 4097.28075916
283 10.643778182566166 43.66938171442598 0.0 0.0 1.1259000301361084 179.0 1.330613955E12 4098.311839327
284 10.643778769299388 43.66937169805169 0.0 0.0 1.063349962234497 179.0 1.330613956E12 4099.353219785
285 10.643779691308737 43.66936189122498 0.0 0.0 1.063349962234497 179.0 1.330613957E12 4100.367488243
286 10.643780780956149 43.669352126307786 0.0 0.0 1.063349962234497 178.0 1.330613958E12 4101.295390869
287 10.643781870603561 43.669342822395265 0.0 0.0 1.0008000135421753 178.0 1.330613959E12 4102.346868659
288 10.643782960250974 43.669333728030324 0.0 0.0 1.0008000135421753 178.0 1.33061396E12 4103.339590492
289 10.643783463165164 43.6693246755749 0.0 0.0 0.9382500052452087 179.0 1.330613961E12 4104.276498451
290 10.643784385174513 43.669315497390926 0.0 0.0 1.0008000135421753 178.0 1.330613962E12 4105.323271743
291 10.643785391002893 43.669306403025985 0.0 0.0 0.9382500052452087 178.0 1.330613963E12 4106.315442868
292 10.64378572627902 43.669296680018306 0.0 0.0 1.1259000301361084 180.0 1.330613964E12 4107.324040992
293 10.643786145374179 43.6692866217345 0.0 0.0 1.0008000135421753 179.0 1.330613965E12 4108.261069493
294 10.643787067383528 43.6692771082744 0.0 0.0 1.0008000135421753 178.0 1.330613966E12 4109.303057368
295 10.643788240849972 43.66926780436188 0.0 0.0 1.063349962234497 177.0 1.330613967E12 4110.346451743
296 10.643788827583194 43.66925841663033 0.0 0.0 1.0008000135421753 178.0 1.330613968E12 4111.270703368
297 10.643789246678352 43.66924919653684 0.0 0.0 1.0008000135421753 178.0 1.330613969E12 4112.318508326
298 10.643789079040289 43.66923947352916 0.0 0.0 1.063349962234497 179.0 1.33061397E12 4113.415688617
299 10.643788827583194 43.669229205697775 0.0 0.0 1.063349962234497 179.0 1.330613971E12 4114.282895701
300 10.643789079040289 43.66921885404736 0.0 0.0 1.063349962234497 179.0 1.330613972E12 4115.340571701
301 10.64378916285932 43.6692081252113 0.0 0.0 1.063349962234497 179.0 1.330613973E12 4116.257934451
302 10.643789330497384 43.66919144522399 0.0 0.0 0.9382500052452087 181.0 1.330613975E12 4118.302462451
303 10.643789330497384 43.66918218322098 0.0 0.0 1.0008000135421753 180.0 1.330613976E12 4119.319872034
304 10.643789498135448 43.6691727116704 0.0 0.0 1.0008000135421753 179.0 1.330613977E12 4120.343946867
305 10.643793353810906 43.66915578022599 0.0 0.0 0.9382500052452087 174.0 1.330613979E12 4122.331147451
306 10.643796203657985 43.66914647631347 0.0 0.0 0.9382500052452087 171.0 1.33061398E12 4123.272346576
307 10.643796874210238 43.6691354541108 0.0 0.0 1.063349962234497 175.0 1.330613981E12 4124.273173368
308 10.643795868381858 43.66912451572716 0.0 0.0 1.1259000301361084 177.0 1.330613982E12 4125.336099534
309 10.6437954492867 43.669114583171904 0.0 0.0 1.0008000135421753 178.0 1.330613983E12 4126.373561826
310 10.643794359639287 43.66910423152149 0.0 0.0 1.063349962234497 180.0 1.330613984E12 4127.278501909
311 10.643793856725097 43.66909375414252 0.0 0.0 1.063349962234497 179.0 1.330613985E12 4128.322359201
312 10.643793269991875 43.66908298339695 0.0 0.0 1.063349962234497 180.0 1.330613986E12 4129.352404701
313 10.643793605268002 43.669072883203626 0.0 0.0 1.063349962234497 180.0 1.330613987E12 4130.428347242
314 10.643793102353811 43.66906269919127 0.0 0.0 1.063349962234497 181.0 1.330613988E12 4131.299762492
315 10.643792767077684 43.669052850455046 0.0 0.0 1.0008000135421753 180.0 1.330613989E12 4132.334391117
316 10.64379301853478 43.669043043628335 0.0 0.0 0.9382500052452087 179.0 1.33061399E12 4133.381189492
317 10.643793605268002 43.66903357207775 0.0 0.0 1.0008000135421753 179.0 1.330613991E12 4134.286218993
318 10.643794443458319 43.66902439389378 0.0 0.0 0.9382500052452087 179.0 1.330613992E12 4135.332458826
319 10.643797628581524 43.669006330892444 0.0 0.0 1.0008000135421753 176.0 1.330613994E12 4137.298552951
320 10.643798131495714 43.66899627260864 0.0 0.0 1.063349962234497 178.0 1.330613995E12 4138.333635326
321 10.643797880038619 43.66898625623435 0.0 0.0 1.063349962234497 178.0 1.330613996E12 4139.368068201
322 10.643798718228936 43.668976784683764 0.0 0.0 1.0008000135421753 178.0 1.330613997E12 4140.322805534
323 10.643799807876348 43.668967271223664 0.0 0.0 1.063349962234497 178.0 1.330613998E12 4141.299712867
324 10.643800226971507 43.66895666811615 0.0 0.0 1.1259000301361084 177.0 1.330613999E12 4142.304730826
325 10.643800813704729 43.66894619073719 0.0 0.0 1.063349962234497 177.0 1.330614E12 4143.334376409
326 10.643800310790539 43.66893634200096 0.0 0.0 1.0008000135421753 179.0 1.330614001E12 4144.348648618
327 10.643799724057317 43.668926493264735 0.0 0.0 1.063349962234497 179.0 1.330614002E12 4145.35347991
328 10.643799640238285 43.66891622543335 0.0 0.0 1.063349962234497 179.0 1.330614003E12 4146.27349066
329 10.643798885867 43.668905538506806 0.0 0.0 1.1259000301361084 180.0 1.330614004E12 4147.292003243
330 10.643798885867 43.66889539640397 0.0 0.0 1.063349962234497 180.0 1.330614005E12 4148.318530951
331 10.643797544762492 43.668884499929845 0.0 0.0 1.1884499788284302 183.0 1.330614006E12 4149.366013034
332 10.643795784562826 43.6688730167225 0.0 0.0 1.2510000467300415 184.0 1.330614007E12 4150.284080535
333 10.643798131495714 43.668862036429346 0.0 0.0 1.063349962234497 183.0 1.330614008E12 4151.345214701
334 10.643802741542459 43.66885168477893 0.0 0.0 0.9382500052452087 181.0 1.330614009E12 4152.273090243
335 10.643803579732776 43.66884137503803 0.0 0.0 1.0008000135421753 181.0 1.33061401E12 4153.292972035
336 10.643805423751473 43.66882142610848 0.0 0.0 1.063349962234497 179.0 1.330614012E12 4155.396747868
337 10.643807100132108 43.668810655362904 0.0 0.0 1.1259000301361084 178.0 1.330614013E12 4156.379474993
338 10.643807267770171 43.66880089044571 0.0 0.0 1.063349962234497 177.0 1.330614014E12 4157.284559868
339 10.643807603046298 43.66879049688578 0.0 0.0 1.063349962234497 178.0 1.330614015E12 4158.345369452
340 10.643808022141457 43.668780522421 0.0 0.0 1.0008000135421753 178.0 1.330614016E12 4159.274257826
341 10.643809279426932 43.66877050604671 0.0 0.0 1.063349962234497 178.0 1.330614017E12 4160.323894201
342 10.643808525055647 43.66875294595957 0.0 0.0 1.0008000135421753 179.0 1.330614019E12 4162.292367202
343 10.643808357417583 43.66874385159463 0.0 0.0 1.063349962234497 179.0 1.33061402E12 4163.307461243
344 10.64380869269371 43.66873408667743 0.0 0.0 1.0008000135421753 178.0 1.330614021E12 4164.356603327
345 10.643809363245964 43.668724950402975 0.0 0.0 1.0008000135421753 177.0 1.330614022E12 4165.350441827
346 10.64380961470306 43.668715939857066 0.0 0.0 1.0008000135421753 178.0 1.330614023E12 4166.28361666
347 10.643809530884027 43.66869837976992 0.0 0.0 1.0008000135421753 179.0 1.330614025E12 4168.281759035
348 10.64380961470306 43.66868211887777 0.0 0.0 0.9382500052452087 179.0 1.330614027E12 4170.325615827
