12 10.643821265548468 43.66871853824705 0.0 0.0 1.6262999773025513 268.0 1.330516976E12 278.649262587
13 10.643820175901055 43.66870030760765 0.0 0.0 1.5012000799179077 235.0 1.330516977E12 279.667226421
14 10.64381942152977 43.668679813854396 0.0 0.0 1.7513999938964844 214.0 1.330516978E12 280.69347392
15 10.643815398216248 43.66867067757994 0.0 0.0 1.1259000301361084 202.0 1.330516979E12 281.704895129
16 10.643811877816916 43.66865835618228 0.0 0.0 1.1259000301361084 194.0 1.33051698E12 282.636586046
17 10.643809949979186 43.668645825237036 0.0 0.0 1.1884499788284302 188.0 1.330516981E12 283.868122712
18 10.643807519227266 43.66863371338695 0.0 0.0 1.1259000301361084 183.0 1.330516982E12 284.64466667
19 10.643804166465998 43.668622146360576 0.0 0.0 1.1259000301361084 178.0 1.330516983E12 285.652786962
20 10.643806345760822 43.66861020214856 0.0 0.0 1.1259000301361084 175.0 1.330516984E12 286.711083254
21 10.643811039626598 43.668597377836704 0.0 0.0 1.1884499788284302 171.0 1.330516985E12 287.737596087
22 10.643814476206899 43.66858660709113 0.0 0.0 1.1259000301361084 168.0 1.330516986E12 288.646814629
23 10.643820259720087 43.668574704788625 0.0 0.0 1.1259000301361084 166.0 1.330516987E12 289.662637629
24 10.643825959414244 43.66856334730983 0.0 0.0 1.1259000301361084 163.0 1.330516988E12 290.656640462
25 10.643832916393876 43.66855341475457 0.0 0.0 1.1884499788284302 159.0 1.330516989E12 291.70434167
26 10.643846075981855 43.66853958461434 0.0 0.0 1.1884499788284302 151.0 1.330516991E12 293.819157504
27 10.643859235569835 43.66852479055524 0.0 0.0 1.0008000135421753 152.0 1.330516993E12 295.711846671
28 10.643864599987864 43.66851661819965 0.0 0.0 1.0008000135421753 153.0 1.330516994E12 296.739819712
29 10.643875245004892 43.668503877706826 0.0 0.0 0.9382500052452087 153.0 1.330516996E12 298.717723837
30 10.643888153135777 43.66849708836526 0.0 0.0 1.1884499788284302 146.0 1.330516997E12 299.751917796
31 10.64390005543828 43.668488496914506 0.0 0.0 1.376099944114685 141.0 1.330516998E12 300.646703712
32 10.64391271211207 43.66848007310182 0.0 0.0 1.5012000799179077 139.0 1.330516999E12 301.68796992
33 10.643922686576843 43.6684723617509 0.0 0.0 1.376099944114685 138.0 1.330517E12 302.709548379
34 10.643930900841951 43.668464818038046 0.0 0.0 1.2510000467300415 137.0 1.330517001E12 303.758558629
35 10.643941629678011 43.668457944877446 0.0 0.0 1.2510000467300415 135.0 1.330517002E12 304.632295504
36 10.643951687961817 43.66844859905541 0.0 0.0 1.4386500120162964 132.0 1.330517003E12 305.665198004
37 10.643962332978845 43.66844239644706 0.0 0.0 1.2510000467300415 131.0 1.330517004E12 306.724040087
38 10.643980437889695 43.66843049414456 0.0 0.0 1.3135499954223633 132.0 1.330517006E12 308.701806337
39 10.643989825621247 43.66842341143638 0.0 0.0 1.1884499788284302 132.0 1.330517007E12 309.74328692
40 10.644000386819243 43.668417166918516 0.0 0.0 1.1884499788284302 130.0 1.330517008E12 310.661049629
41 10.644013797864318 43.66841134149581 0.0 0.0 1.2510000467300415 128.0 1.330517009E12 311.691554712
42 10.644027376547456 43.66840782109648 0.0 0.0 1.2510000467300415 125.0 1.33051701E12 312.697207462
43 10.644038524478674 43.66840325295925 0.0 0.0 1.1259000301361084 124.0 1.330517011E12 313.724666254
44 10.644049756228924 43.66839772090316 0.0 0.0 1.1259000301361084 121.0 1.330517012E12 314.769026879
45 10.644060987979174 43.668392691761255 0.0 0.0 1.1259000301361084 119.0 1.330517013E12 315.650509921
46 10.644079931080341 43.66838707588613 0.0 0.0 1.1884499788284302 115.0 1.330517015E12 317.720848254
47 10.644092671573162 43.668383681215346 0.0 0.0 1.063349962234497 113.0 1.330517016E12 318.73991542
48 10.644105495885015 43.66838120855391 0.0 0.0 1.1259000301361084 113.0 1.330517017E12 319.636417004
49 10.644118236377835 43.66837777197361 0.0 0.0 1.1884499788284302 113.0 1.330517018E12 320.674984462
50 10.644131228327751 43.66837475448847 0.0 0.0 1.1259000301361084 112.0 1.330517019E12 321.718184504
51 10.64414581283927 43.66837232373655 0.0 0.0 1.1259000301361084 110.0 1.33051702E12 322.71448092
52 10.644159726798534 43.66837081499398 0.0 0.0 1.1259000301361084 108.0 1.330517021E12 323.691878296
53 10.644175233319402 43.66836863569915 0.0 0.0 1.1259000301361084 106.0 1.330517022E12 324.721683879
54 10.644189734011889 43.66836595349014 0.0 0.0 1.1259000301361084 106.0 1.330517023E12 325.651388421
55 10.644213035702705 43.668364570476115 0.0 0.0 0.8131499886512756 98.0 1.330517025E12 327.791414962
56 10.64422644674778 43.668361846357584 0.0 0.0 1.1884499788284302 101.0 1.330517026E12 328.669777087
57 10.644242288544774 43.668356565758586 0.0 0.0 1.2510000467300415 103.0 1.330517027E12 329.653310795
58 10.644255699589849 43.66835199762136 0.0 0.0 1.1259000301361084 104.0 1.330517028E12 330.681199837
59 10.644270116463304 43.6683481419459 0.0 0.0 1.1259000301361084 105.0 1.330517029E12 331.736598754
60 10.64428553916514 43.66834420245141 0.0 0.0 1.1259000301361084 106.0 1.33051703E12 332.740311046
61 10.644303308799863 43.6683412687853 0.0 0.0 1.2510000467300415 106.0 1.330517031E12 333.657047212
62 10.644321162253618 43.66834650747478 0.0 0.0 1.1884499788284302 99.0 1.330517032E12 334.686306671
63 10.644337171688676 43.66834872867912 0.0 0.0 1.1884499788284302 94.0 1.330517033E12 335.699607837
64 10.644354103133082 43.66835245862603 0.0 0.0 1.2510000467300415 91.0 1.330517034E12 336.764283587
65 10.644368855282664 43.66835589520633 0.0 0.0 1.1259000301361084 87.0 1.330517035E12 337.628988462
66 10.644382433965802 43.668358912691474 0.0 0.0 1.1259000301361084 84.0 1.330517036E12 338.673693045
67 10.644399197772145 43.668363061733544 0.0 0.0 1.1884499788284302 83.0 1.330517037E12 339.684607587
68 10.644415123388171 43.66836855188012 0.0 0.0 1.1884499788284302 80.0 1.330517038E12 340.73953392
69 10.644431887194514 43.668375089764595 0.0 0.0 1.1884499788284302 78.0 1.330517039E12 341.633957504
70 10.644447896629572 43.66838104091585 0.0 0.0 1.1884499788284302 76.0 1.33051704E12 342.655541796
71 10.64446298405528 43.66838485468179 0.0 0.0 1.1259000301361084 75.0 1.330517041E12 343.667565629
72 10.644477820023894 43.668388836085796 0.0 0.0 1.1884499788284302 73.0 1.330517042E12 344.702649712
73 10.644492572173476 43.668393613770604 0.0 0.0 1.1884499788284302 71.0 1.330517043E12 345.75383192
74 10.644506150856614 43.6683988943696 0.0 0.0 1.1884499788284302 69.0 1.330517044E12 346.655551962
75 10.644519478082657 43.66840425878763 0.0 0.0 1.1884499788284302 67.0 1.330517045E12 347.669954462
76 10.644531967118382 43.668409790843725 0.0 0.0 1.1259000301361084 64.0 1.330517046E12 348.689895962
77 10.644545126706362 43.66841523908079 0.0 0.0 1.1884499788284302 63.0 1.330517047E12 349.73234817
78 10.644558453932405 43.66842089686543 0.0 0.0 1.1884499788284302 62.0 1.330517048E12 350.660599254
79 10.64457044005394 43.66842785384506 0.0 0.0 1.1884499788284302 60.0 1.330517049E12 351.70811042
80 10.644582007080317 43.66843514610082 0.0 0.0 1.1884499788284302 59.0 1.33051705E12 352.671742004
81 10.64459390938282 43.66844361182302 0.0 0.0 1.1884499788284302 57.0 1.330517051E12 353.71392892
82 10.644604973495007 43.66845115553588 0.0 0.0 1.1259000301361084 55.0 1.330517052E12 354.730673046
83 10.644616037607193 43.66845848970115 0.0 0.0 1.1259000301361084 54.0 1.330517053E12 355.651805504
84 10.64462668262422 43.668466033414006 0.0 0.0 1.063349962234497 52.0 1.330517054E12 356.668120629
85 10.644637579098344 43.66847466677427 0.0 0.0 1.1884499788284302 51.0 1.330517055E12 357.666365837
86 10.644648391753435 43.66848258767277 0.0 0.0 1.1259000301361084 50.0 1.330517056E12 358.732775504
87 10.644660210236907 43.66849046666175 0.0 0.0 1.1259000301361084 48.0 1.330517057E12 359.63746392
88 10.64467211253941 43.668497717007995 0.0 0.0 1.1259000301361084 49.0 1.330517058E12 360.703962962
89 10.644683092832565 43.66850555408746 0.0 0.0 1.1259000301361084 46.0 1.330517059E12 361.763722379
90 10.644691810011864 43.66851334925741 0.0 0.0 1.0008000135421753 43.0 1.33051706E12 362.633016379
91 10.644700527191162 43.66852248553187 0.0 0.0 1.1884499788284302 41.0 1.330517061E12 363.661881962
92 10.644709328189492 43.66853166371584 0.0 0.0 1.1259000301361084 38.0 1.330517062E12 364.701042087
93 10.644717207178473 43.66854025516659 0.0 0.0 1.063349962234497 37.0 1.330517063E12 365.731901004
94 10.644724750891328 43.66854825988412 0.0 0.0 1.1259000301361084 35.0 1.330517064E12 366.74476217
95 10.644732378423214 43.66855672560632 0.0 0.0 1.063349962234497 34.0 1.330517065E12 367.630323795
96 10.644740173593163 43.668565903790295 0.0 0.0 1.063349962234497 34.0 1.330517066E12 368.65402967
97 10.644746962934732 43.66857545915991 0.0 0.0 1.063349962234497 31.0 1.330517067E12 369.67287817
98 10.644751824438572 43.66858526598662 0.0 0.0 1.1884499788284302 27.0 1.330517068E12 370.729938254
99 10.644755931571126 43.66859436035156 0.0 0.0 1.1884499788284302 24.0 1.330517069E12 371.727037754
100 10.64476054161787 43.668604041449726 0.0 0.0 1.1884499788284302 23.0 1.33051707E12 372.754393295
101 10.644764984026551 43.66861389018595 0.0 0.0 1.1259000301361084 22.0 1.330517071E12 373.683567754
102 10.644770180806518 43.668623571284115 0.0 0.0 1.2510000467300415 22.0 1.330517072E12 374.683261337
103 10.644774623215199 43.66863354574889 0.0 0.0 1.1884499788284302 21.0 1.330517073E12 375.716934254
104 10.644778478890657 43.66864368785173 0.0 0.0 1.1884499788284302 20.0 1.330517074E12 376.718254337
105 10.64478199928999 43.66865408141166 0.0 0.0 1.1259000301361084 18.0 1.330517075E12 377.674653545
106 10.644784597679973 43.66866367869079 0.0 0.0 1.063349962234497 15.0 1.330517076E12 378.741344629
107 10.64478593878448 43.66867340169847 0.0 0.0 1.063349962234497 12.0 1.330517077E12 379.74865192
108 10.644786190241575 43.66868329234421 0.0 0.0 1.1259000301361084 9.0 1.330517078E12 380.652810045
109 10.64478644169867 43.66869393736124 0.0 0.0 1.1259000301361084 7.0 1.330517079E12 381.690438212
110 10.644786693155766 43.66870487574488 0.0 0.0 1.1884499788284302 5.0 1.33051708E12 382.731368879
111 10.644786776974797 43.66871568839997 0.0 0.0 1.1884499788284302 3.0 1.330517081E12 383.649943295
112 10.644785603508353 43.66872620768845 0.0 0.0 1.1259000301361084 1.0 1.330517082E12 384.639547504
113 10.644784849137068 43.668736685067415 0.0 0.0 1.1259000301361084 1.0 1.330517083E12 385.674417295
114 10.644781747832894 43.668746408075094 0.0 0.0 1.1884499788284302 1.0 1.330517084E12 386.740924795
115 10.644779652357101 43.66875759791583 0.0 0.0 1.1884499788284302 0.0 1.330517085E12 387.643440629
116 10.64477956853807 43.66876841057092 0.0 0.0 1.1259000301361084 2.0 1.330517086E12 388.627484587
117 10.644778478890657 43.66877863649279 0.0 0.0 1.1259000301361084 0.0 1.330517087E12 389.685994379
118 10.644775629043579 43.66878861095756 0.0 0.0 1.1259000301361084 357.0 1.330517088E12 390.755202462
119 10.644772527739406 43.66879858542234 0.0 0.0 1.063349962234497 356.0 1.330517089E12 391.79252842
120 10.644771018996835 43.66880918852985 0.0 0.0 1.063349962234497 355.0 1.33051709E12 392.657767504
121 10.644768672063947 43.66881983354688 0.0 0.0 1.1259000301361084 353.0 1.330517091E12 393.693177712
122 10.644765989854932 43.66883039474487 0.0 0.0 1.1259000301361084 353.0 1.330517092E12 394.691896546
123 10.64476490020752 43.668841207399964 0.0 0.0 1.1884499788284302 355.0 1.330517093E12 395.640273837
124 10.644760373979807 43.66885285824537 0.0 0.0 1.5012000799179077 351.0 1.330517094E12 396.69593017
125 10.644758194684982 43.66886492818594 0.0 0.0 1.1884499788284302 353.0 1.330517095E12 397.668448379
126 10.644757021218538 43.6688746092841 0.0 0.0 1.0008000135421753 359.0 1.330517096E12 398.733027712
127 10.644759284332395 43.66889216937125 0.0 0.0 1.063349962234497 13.0 1.330517098E12 400.646686379
128 10.644764732569456 43.668906963430345 0.0 0.0 1.1884499788284302 20.0 1.3305171E12 402.778421212
129 10.644760876893997 43.66892523597926 0.0 0.0 1.1259000301361084 6.0 1.330517102E12 404.666253878
130 10.644758362323046 43.66894296370447 0.0 0.0 1.1884499788284302 358.0 1.330517104E12 406.718022045
131 10.644755512475967 43.66895779967308 0.0 0.0 1.063349962234497 357.0 1.330517106E12 408.624862962
132 10.64475023187697 43.66897649131715 0.0 0.0 1.063349962234497 352.0 1.330517108E12 410.758918504
133 10.644746962934732 43.66898654960096 0.0 0.0 1.0008000135421753 351.0 1.330517109E12 411.72758517
134 10.644745454192162 43.668998116627336 0.0 0.0 1.063349962234497 351.0 1.33051711E12 412.723120045
135 10.644740760326385 43.66900830063969 0.0 0.0 1.1259000301361084 350.0 1.330517111E12 413.758014045
136 10.644738748669624 43.66901852656156 0.0 0.0 1.063349962234497 351.0 1.330517112E12 414.675017754
137 10.644738161936402 43.669029381126165 0.0 0.0 1.1259000301361084 351.0 1.330517113E12 415.695351546
138 10.644736737012863 43.6690397746861 0.0 0.0 1.063349962234497 350.0 1.330517114E12 416.667209129
139 10.64473556354642 43.669049330055714 0.0 0.0 1.0008000135421753 350.0 1.330517115E12 417.685333587
140 10.64473170787096 43.66905825678259 0.0 0.0 1.0008000135421753 349.0 1.330517116E12 418.730009004
141 10.644728019833565 43.669068734161556 0.0 0.0 1.063349962234497 349.0 1.330517117E12 419.644050254
142 10.644728606566787 43.66908030118793 0.0 0.0 1.1884499788284302 352.0 1.330517118E12 420.700349087
143 10.644729528576136 43.66909149102867 0.0 0.0 1.1884499788284302 355.0 1.330517119E12 421.691917879
144 10.644728522747755 43.6691026808694 0.0 0.0 1.1259000301361084 357.0 1.33051712E12 422.726496587
145 10.64472726546228 43.669114583171904 0.0 0.0 1.1259000301361084 356.0 1.330517121E12 423.739497587
146 10.644725421443582 43.66912694647908 0.0 0.0 1.1884499788284302 357.0 1.330517122E12 424.63851142
147 10.644721817225218 43.669137046672404 0.0 0.0 1.1259000301361084 355.0 1.330517123E12 425.663671879
148 10.644720727577806 43.669147859327495 0.0 0.0 1.1884499788284302 356.0 1.330517124E12 426.684113254
149 10.644718213006854 43.66915863007307 0.0 0.0 1.1884499788284302 357.0 1.330517125E12 427.64240767
150 10.644716452807188 43.66917023900896 0.0 0.0 1.1259000301361084 358.0 1.330517126E12 428.659286504
151 10.644718129187822 43.66918096784502 0.0 0.0 1.063349962234497 358.0 1.330517127E12 429.700292046
152 10.644718883559108 43.669190648943186 0.0 0.0 0.9382500052452087 0.0 1.330517128E12 430.705870546
153 10.644718380644917 43.66920162923634 0.0 0.0 1.1884499788284302 1.0 1.330517129E12 431.738166254
154 10.64471804536879 43.669212399981916 0.0 0.0 1.0008000135421753 2.0 1.33051713E12 432.756785462
155 10.644718715921044 43.66922400891781 0.0 0.0 1.1884499788284302 0.0 1.330517131E12 433.652168754
156 10.644717207178473 43.66923553403467 0.0 0.0 1.1259000301361084 359.0 1.330517132E12 434.704297004
157 10.644717123359442 43.66924714297056 0.0 0.0 1.1259000301361084 358.0 1.330517133E12 435.687437254
158 10.64471460878849 43.6692625656724 0.0 0.0 1.063349962234497 358.0 1.330517135E12 437.655875087
159 10.644712764769793 43.66927203722298 0.0 0.0 0.9382500052452087 356.0 1.330517136E12 438.695183629
160 10.644709328189492 43.669291231781244 0.0 0.0 1.0008000135421753 355.0 1.330517138E12 440.805541212
161 10.644709914922714 43.66930258926004 0.0 0.0 1.063349962234497 356.0 1.330517139E12 441.637218337
162 10.644711507484317 43.669314784929156 0.0 0.0 1.1259000301361084 357.0 1.33051714E12 442.746805171
163 10.644713854417205 43.66932710632682 0.0 0.0 1.1259000301361084 358.0 1.330517141E12 443.709276045
164 10.64471603371203 43.669338966719806 0.0 0.0 1.1259000301361084 358.0 1.330517142E12 444.716034712
165 10.644718129187822 43.66935074329376 0.0 0.0 1.063349962234497 358.0 1.330517143E12 445.668089545
166 10.644720308482647 43.66936218459159 0.0 0.0 1.063349962234497 359.0 1.330517144E12 446.689700462
167 10.644720727577806 43.6693727876991 0.0 0.0 1.0008000135421753 358.0 1.330517145E12 447.723191837
168 10.64472190104425 43.66938435472548 0.0 0.0 1.063349962234497 358.0 1.330517146E12 448.749247254
169 10.644722823053598 43.66939541883767 0.0 0.0 1.0008000135421753 358.0 1.330517147E12 449.659288795
170 10.644723661243916 43.66940669249743 0.0 0.0 1.063349962234497 358.0 1.330517148E12 450.661778671
171 10.644724750891328 43.66941804997623 0.0 0.0 1.063349962234497 358.0 1.330517149E12 451.735370295
172 10.644723661243916 43.66942735388875 0.0 0.0 0.9382500052452087 355.0 1.33051715E12 452.631938004
173 10.644721481949091 43.669437412172556 0.0 0.0 1.0008000135421753 352.0 1.330517151E12 453.684668504
174 10.644718883559108 43.66944860201329 0.0 0.0 1.063349962234497 349.0 1.330517152E12 454.685926546
175 10.644716620445251 43.66946347989142 0.0 0.0 1.1884499788284302 347.0 1.330517153E12 455.643800379
176 10.6447141058743 43.66947701666504 0.0 0.0 1.1884499788284302 347.0 1.330517154E12 456.686547379
177 10.644712848588824 43.669489715248346 0.0 0.0 1.1884499788284302 348.0 1.330517155E12 457.706690254
178 10.644707819446921 43.66949847433716 0.0 0.0 1.1884499788284302 347.0 1.330517156E12 458.716571254
179 10.644700359553099 43.66951842326671 0.0 0.0 1.1884499788284302 344.0 1.330517158E12 460.663141545
180 10.644696420058608 43.66952961310744 0.0 0.0 1.1884499788284302 343.0 1.330517159E12 461.707075254
181 10.6446916423738 43.669540425762534 0.0 0.0 1.1884499788284302 343.0 1.33051716E12 462.716394337
182 10.644687535241246 43.66955119650811 0.0 0.0 1.1884499788284302 342.0 1.330517161E12 463.702634337
183 10.644683679565787 43.66956129670143 0.0 0.0 1.1259000301361084 343.0 1.330517162E12 464.661790296
184 10.644678985700011 43.66957089398056 0.0 0.0 1.1884499788284302 341.0 1.330517163E12 465.707838712
185 10.644673369824886 43.66958015598357 0.0 0.0 1.1259000301361084 339.0 1.330517164E12 466.737658129
186 10.644667334854603 43.66958925034851 0.0 0.0 1.1259000301361084 338.0 1.330517165E12 467.656252378
187 10.64466037787497 43.669598177075386 0.0 0.0 1.1259000301361084 336.0 1.330517166E12 468.674340295
188 10.644651744514704 43.66960743907839 0.0 0.0 1.1884499788284302 333.0 1.330517167E12 469.722454087
189 10.644642859697342 43.66961716208607 0.0 0.0 1.1884499788284302 332.0 1.330517168E12 470.640522004
190 10.644634896889329 43.669625921174884 0.0 0.0 1.063349962234497 330.0 1.330517169E12 471.728868879
191 10.644627017900348 43.669634219259024 0.0 0.0 1.063349962234497 328.0 1.33051717E12 472.704866879
192 10.644618552178144 43.66964268498123 0.0 0.0 1.1259000301361084 327.0 1.330517171E12 473.77239342
193 10.644608829170465 43.66965115070343 0.0 0.0 1.1259000301361084 324.0 1.330517172E12 474.658114587
194 10.644599106162786 43.66965894587338 0.0 0.0 1.1259000301361084 322.0 1.330517173E12 475.690219962
195 10.644587790593505 43.66966682486236 0.0 0.0 1.1259000301361084 320.0 1.330517174E12 476.700844503
196 10.644575888291001 43.66967462003231 0.0 0.0 1.1259000301361084 318.0 1.330517175E12 477.67327267
197 10.644565243273973 43.66968300193548 0.0 0.0 1.1259000301361084 317.0 1.330517176E12 478.68067242
198 10.644555101171136 43.669690042734146 0.0 0.0 1.063349962234497 314.0 1.330517177E12 479.742632879
199 10.64454403705895 43.669696622528136 0.0 0.0 1.1259000301361084 313.0 1.330517178E12 480.725899378
200 10.644533392041922 43.669704333879054 0.0 0.0 1.1884499788284302 313.0 1.330517179E12 481.751081837
201 10.644521825015545 43.66971032693982 0.0 0.0 1.1259000301361084 309.0 1.33051718E12 482.652332629
202 10.644508749246597 43.66971648763865 0.0 0.0 1.1884499788284302 306.0 1.330517181E12 483.669494337
203 10.644494080916047 43.66972231306136 0.0 0.0 1.2510000467300415 304.0 1.330517182E12 484.651983005
204 10.644479747861624 43.669727677479386 0.0 0.0 1.2510000467300415 302.0 1.330517183E12 485.634991754
205 10.6444654148072 43.66973308380693 0.0 0.0 1.1884499788284302 300.0 1.330517184E12 486.665789297
206 10.644450830295682 43.66973798722029 0.0 0.0 1.2510000467300415 298.0 1.33051717E12 487.68538863
207 10.644435994327068 43.66974213626236 0.0 0.0 1.1884499788284302 297.0 1.330517171E12 488.708143713
208 10.644422331824899 43.669745991937816 0.0 0.0 1.1259000301361084 295.0 1.330517172E12 489.728077629
209 10.64440724439919 43.6697485903278 0.0 0.0 1.1884499788284302 291.0 1.330517173E12 490.649668921
210 10.644389977678657 43.6697512306273 0.0 0.0 1.2510000467300415 289.0 1.330517174E12 491.696082337
211 10.64437447115779 43.66975332610309 0.0 0.0 1.1884499788284302 286.0 1.330517175E12 492.750168255
212 10.644360221922398 43.66975563112646 0.0 0.0 1.1259000301361084 286.0 1.330517176E12 493.684973837
213 10.644345134496689 43.669758145697415 0.0 0.0 1.2510000467300415 286.0 1.330517177E12 494.661217255
214 10.644329208880663 43.6697599478066 0.0 0.0 1.1884499788284302 285.0 1.330517178E12 495.669622504
215 10.6443134509027 43.66976133082062 0.0 0.0 1.1884499788284302 284.0 1.330517179E12 496.708554671
216 10.644297106191516 43.66976221092045 0.0 0.0 1.1884499788284302 283.0 1.33051718E12 497.665872297
217 10.644279336556792 43.66976334247738 0.0 0.0 1.1884499788284302 281.0 1.330517181E12 498.714526254
218 10.644262405112386 43.669763719663024 0.0 0.0 1.1884499788284302 278.0 1.330517182E12 499.75527138
219 10.644245641306043 43.669763719663024 0.0 0.0 1.1259000301361084 277.0 1.330517183E12 500.67029163
220 10.64422745257616 43.66976216901094 0.0 0.0 1.1884499788284302 274.0 1.330517184E12 501.698493796
221 10.644209934398532 43.66976024117321 0.0 0.0 1.2510000467300415 271.0 1.330517185E12 502.731025088
222 10.644193338230252 43.66975789424032 0.0 0.0 1.1884499788284302 268.0 1.330517186E12 503.665335547
223 10.644176071509719 43.669756008312106 0.0 0.0 1.1884499788284302 268.0 1.330517187E12 504.738061213
224 10.644160145893693 43.669753703288734 0.0 0.0 1.1884499788284302 265.0 1.330517188E12 505.647628755
225 10.644143633544445 43.66975093726069 0.0 0.0 1.2510000467300415 264.0 1.330517189E12 506.706265171
226 10.64412770792842 43.66974825505167 0.0 0.0 1.1884499788284302 262.0 1.33051719E12 507.693417629
227 10.644112536683679 43.66974523756653 0.0 0.0 1.1884499788284302 260.0 1.330517191E12 508.66654513
228 10.644097868353128 43.66974259726703 0.0 0.0 1.1884499788284302 259.0 1.330517192E12 509.727820671
229 10.64408328384161 43.66973966360092 0.0 0.0 1.1884499788284302 258.0 1.330517193E12 510.67014138
230 10.644069202244282 43.669736185111105 0.0 0.0 1.1884499788284302 257.0 1.330517194E12 511.778195921
231 10.644055036827922 43.66973320953548 0.0 0.0 1.1259000301361084 256.0 1.330517195E12 512.681264338
232 10.644040117040277 43.669729311950505 0.0 0.0 1.1884499788284302 253.0 1.330517196E12 513.689504546
233 10.64402611926198 43.669725456275046 0.0 0.0 1.1259000301361084 252.0 1.330517197E12 514.730680088
234 10.644012792035937 43.66972076240927 0.0 0.0 1.1884499788284302 249.0 1.330517198E12 515.641898255
235 10.643998961895704 43.669715146534145 0.0 0.0 1.1884499788284302 246.0 1.330517199E12 516.688032629
236 10.643985467031598 43.66970982402563 0.0 0.0 1.1259000301361084 244.0 1.3305172E12 517.711406796
237 10.643972810357809 43.66970425006002 0.0 0.0 1.1259000301361084 241.0 1.330517201E12 518.736932338
238 10.643958980217576 43.669698340818286 0.0 0.0 1.1259000301361084 240.0 1.330517202E12 519.644577254
239 10.643945652991533 43.669692473486066 0.0 0.0 1.1259000301361084 238.0 1.330517203E12 520.670150587
240 10.643933080136776 43.66968656424433 0.0 0.0 1.063349962234497 237.0 1.330517204E12 521.694139338
241 10.643914388492703 43.66967524867505 0.0 0.0 1.1884499788284302 232.0 1.330517206E12 523.680479963
242 10.643902905285358 43.66966783069074 0.0 0.0 1.063349962234497 232.0 1.330517207E12 524.705218588
243 10.643892092630267 43.669660706073046 0.0 0.0 1.063349962234497 231.0 1.330517208E12 525.789105629
244 10.643881196156144 43.66965299472213 0.0 0.0 1.063349962234497 229.0 1.330517209E12 526.658805879
245 10.64387122169137 43.66964519955218 0.0 0.0 1.063349962234497 227.0 1.33051721E12 527.654411213
246 10.643861331045628 43.669635225087404 0.0 0.0 1.1259000301361084 224.0 1.330517211E12 528.674907629
247 10.643850434571505 43.66962613072246 0.0 0.0 1.1259000301361084 223.0 1.330517212E12 529.723912254
248 10.643840711563826 43.66961686871946 0.0 0.0 1.063349962234497 222.0 1.330517213E12 530.739148337
249 10.643831742927432 43.669608319178224 0.0 0.0 1.063349962234497 220.0 1.330517214E12 531.658088504
250 10.643808608874679 43.66959629114717 0.0 0.0 1.063349962234497 223.0 1.330517216E12 533.709625629
251 10.643796371296048 43.66959088481963 0.0 0.0 1.1259000301361084 223.0 1.330517217E12 534.737908129
252 10.643785139545798 43.669573911465704 0.0 0.0 1.0008000135421753 216.0 1.33051722E12 537.729821045
253 10.643780026584864 43.66956372745335 0.0 0.0 1.063349962234497 210.0 1.330517221E12 538.656451004
254 10.64377742819488 43.66954398807138 0.0 0.0 1.1259000301361084 202.0 1.330517223E12 540.801107462
255 10.643775584176183 43.66953388787806 0.0 0.0 1.063349962234497 200.0 1.330517224E12 541.717646462
256 10.64377399161458 43.66952257230878 0.0 0.0 1.1259000301361084 198.0 1.330517225E12 542.645358379
257 10.643772315233946 43.66951234638691 0.0 0.0 1.1884499788284302 194.0 1.330517226E12 543.690728504
258 10.643770890310407 43.66950220428407 0.0 0.0 1.1884499788284302 191.0 1.330517227E12 544.652683004
259 10.643768459558487 43.66949281655252 0.0 0.0 1.1259000301361084 189.0 1.330517228E12 545.677911587
260 10.643767537549138 43.66948171053082 0.0 0.0 1.1884499788284302 189.0 1.330517229E12 546.716841629
261 10.643767705187201 43.66947127506137 0.0 0.0 1.1259000301361084 188.0 1.33051723E12 547.710258921
262 10.643766531720757 43.66946121677756 0.0 0.0 1.1259000301361084 187.0 1.330517231E12 548.746149587
263 10.64376569353044 43.66945115849376 0.0 0.0 1.1884499788284302 186.0 1.330517232E12 549.676055212
264 10.643765861168504 43.66944114211947 0.0 0.0 1.063349962234497 186.0 1.330517233E12 550.70475592
265 10.64376619644463 43.669430748559535 0.0 0.0 1.1259000301361084 186.0 1.330517234E12 551.699421462
266 10.643767956644297 43.66941997781396 0.0 0.0 1.1259000301361084 183.0 1.330517235E12 552.731165462
267 10.643769968301058 43.66940933279693 0.0 0.0 1.1259000301361084 180.0 1.330517236E12 553.66367292
268 10.643772147595882 43.669399064965546 0.0 0.0 1.1259000301361084 180.0 1.330517237E12 554.698046754
269 10.643775081261992 43.66938833612949 0.0 0.0 1.1884499788284302 177.0 1.330517238E12 555.730988295
270 10.64377742819488 43.66937764920294 0.0 0.0 1.1884499788284302 176.0 1.330517239E12 556.753326254
271 10.643779020756483 43.66936733946204 0.0 0.0 1.1259000301361084 176.0 1.33051724E12 557.661149546
272 10.643780445680022 43.669357281178236 0.0 0.0 1.1259000301361084 176.0 1.330517241E12 558.687474504
273 10.643781535327435 43.669346678070724 0.0 0.0 1.1884499788284302 176.0 1.330517242E12 559.702020671
274 10.643781954422593 43.669335949234664 0.0 0.0 1.1884499788284302 176.0 1.330517243E12 560.746207671
275 10.64378228969872 43.66932580713183 0.0 0.0 1.063349962234497 179.0 1.330517244E12 561.749803045
276 10.643782457336783 43.66931625176221 0.0 0.0 1.1259000301361084 179.0 1.330517245E12 562.676589837
277 10.64378228969872 43.6693056486547 0.0 0.0 1.063349962234497 179.0 1.330517246E12 563.680912587
278 10.643781954422593 43.6692953389138 0.0 0.0 1.063349962234497 179.0 1.330517247E12 564.708234754
279 10.643778769299388 43.66927694063634 0.0 0.0 1.063349962234497 181.0 1.330517249E12 566.672545295
280 10.643777595832944 43.66926709190011 0.0 0.0 1.1259000301361084 181.0 1.33051725E12 567.66878967
281 10.64377793110907 43.66925644688308 0.0 0.0 1.1259000301361084 180.0 1.330517251E12 568.684738795
282 10.643779020756483 43.66924534086138 0.0 0.0 1.063349962234497 179.0 1.330517252E12 569.709781254
283 10.643781535327435 43.669234151020646 0.0 0.0 1.063349962234497 178.0 1.330517253E12 570.659184212
284 10.64378279261291 43.66922321263701 0.0 0.0 1.1259000301361084 177.0 1.330517254E12 571.755929921
285 10.64378279261291 43.6692131543532 0.0 0.0 1.063349962234497 180.0 1.330517255E12 572.658038129
286 10.643781619146466 43.66920393425971 0.0 0.0 1.0008000135421753 181.0 1.330517256E12 573.676675754
287 10.643783211708069 43.66919425316155 0.0 0.0 1.0008000135421753 178.0 1.330517257E12 574.691913587
288 10.643785893917084 43.66918385960162 0.0 0.0 1.1259000301361084 177.0 1.330517258E12 575.755601337
289 10.643787570297718 43.669172460213304 0.0 0.0 1.1884499788284302 177.0 1.330517259E12 576.688275504
290 10.64378916285932 43.6691613541916 0.0 0.0 1.063349962234497 176.0 1.33051726E12 577.704900754
291 10.643790839239955 43.66915012244135 0.0 0.0 1.1259000301361084 177.0 1.330517261E12 578.771935462
292 10.643792180344462 43.669139267876744 0.0 0.0 1.1259000301361084 179.0 1.330517262E12 579.660462671
293 10.643792347982526 43.66912941914052 0.0 0.0 1.1259000301361084 178.0 1.330517263E12 580.677340962
294 10.643792934715748 43.669120031408966 0.0 0.0 1.1259000301361084 177.0 1.330517264E12 581.717532879
295 10.643794359639287 43.669109931215644 0.0 0.0 1.1259000301361084 176.0 1.330517265E12 582.725498671
296 10.643796036019921 43.66909911856055 0.0 0.0 1.1259000301361084 177.0 1.330517266E12 583.653998795
297 10.643797041848302 43.66908780299127 0.0 0.0 1.1259000301361084 178.0 1.330517267E12 584.707291171
298 10.643797209486365 43.669078038074076 0.0 0.0 1.063349962234497 179.0 1.330517268E12 585.711344046
299 10.643796203657985 43.669068231247365 0.0 0.0 1.1884499788284302 179.0 1.330517269E12 586.739502962
300 10.643795533105731 43.669058214873075 0.0 0.0 1.1259000301361084 179.0 1.33051727E12 587.668535837
301 10.64379595220089 43.669047905132174 0.0 0.0 1.1259000301361084 179.0 1.330517271E12 588.688768045
302 10.643795197829604 43.66903415881097 0.0 0.0 1.1259000301361084 179.0 1.330517272E12 589.698961962
303 10.643794862553477 43.66902162786573 0.0 0.0 1.1259000301361084 177.0 1.330517273E12 590.721473629
304 10.643795114010572 43.66900968365371 0.0 0.0 1.0008000135421753 177.0 1.330517274E12 591.690802754
305 10.643795114010572 43.668997110798955 0.0 0.0 1.063349962234497 177.0 1.330517275E12 592.687435754
306 10.643794443458319 43.66898751351982 0.0 0.0 1.063349962234497 178.0 1.330517276E12 593.753501254
307 10.643794694915414 43.66897762287408 0.0 0.0 1.1259000301361084 178.0 1.330517277E12 594.708558629
308 10.64379452727735 43.6689678998664 0.0 0.0 1.1259000301361084 180.0 1.330517278E12 595.700843628
309 10.643794443458319 43.6689583864063 0.0 0.0 1.063349962234497 179.0 1.330517279E12 596.680616587
310 10.643795197829604 43.668948537670076 0.0 0.0 1.1259000301361084 179.0 1.33051728E12 597.707297379
311 10.643796119838953 43.66893826983869 0.0 0.0 1.1259000301361084 179.0 1.330517281E12 598.714186087
312 10.643796874210238 43.66892783436924 0.0 0.0 1.063349962234497 180.0 1.330517282E12 599.755495337
313 10.643795700743794 43.66891781799495 0.0 0.0 1.063349962234497 179.0 1.330517283E12 600.65833767
314 10.643793689087033 43.66890742443502 0.0 0.0 1.1259000301361084 181.0 1.330517284E12 601.725614087
315 10.643793102353811 43.66889703087509 0.0 0.0 1.063349962234497 181.0 1.330517285E12 602.75120567
316 10.643793940544128 43.66888617631048 0.0 0.0 1.1259000301361084 180.0 1.330517286E12 603.650777337
317 10.6437954492867 43.668875489383936 0.0 0.0 1.063349962234497 179.0 1.330517287E12 604.70323842
318 10.643795784562826 43.66886434145272 0.0 0.0 1.1259000301361084 178.0 1.330517288E12 605.728995379
319 10.643796036019921 43.66885126568377 0.0 0.0 1.063349962234497 179.0 1.330517289E12 606.734004004
320 10.643796622753143 43.66884041111916 0.0 0.0 1.063349962234497 179.0 1.33051729E12 607.671561671
321 10.643797796219587 43.66882917936891 0.0 0.0 1.1259000301361084 179.0 1.330517291E12 608.688264004
322 10.64379989169538 43.66881757043302 0.0 0.0 1.063349962234497 178.0 1.330517292E12 609.685178004
323 10.643802741542459 43.66880604531616 0.0 0.0 1.1259000301361084 179.0 1.330517293E12 610.76478092
324 10.64380383118987 43.668794855475426 0.0 0.0 1.1259000301361084 178.0 1.330517294E12 611.662946379
325 10.643805507570505 43.668783539906144 0.0 0.0 1.1259000301361084 177.0 1.330517295E12 612.713793504
326 10.643806010484695 43.66877247579396 0.0 0.0 1.063349962234497 178.0 1.330517296E12 613.743805462
327 10.643805172294378 43.66876224987209 0.0 0.0 1.063349962234497 179.0 1.330517297E12 614.677254212
328 10.643804669380188 43.66875173058361 0.0 0.0 1.1259000301361084 179.0 1.330517298E12 615.694578295
329 10.64380374737084 43.668741043657064 0.0 0.0 1.063349962234497 180.0 1.330517299E12 616.735077212
330 10.643802406266332 43.66873098537326 0.0 0.0 1.063349962234497 180.0 1.3305173E12 617.769418337
331 10.643802573904395 43.66872092708945 0.0 0.0 1.063349962234497 179.0 1.330517301E12 618.722258671
332 10.643803579732776 43.668710784986615 0.0 0.0 1.063349962234497 178.0 1.330517302E12 619.721300504
333 10.643803160637617 43.668701229617 0.0 0.0 1.063349962234497 178.0 1.330517303E12 620.65871817
334 10.643801148980856 43.66868362762034 0.0 0.0 0.9382500052452087 177.0 1.330517305E12 622.692413087
