7 10.643855882808566 43.6687218490988 0.0 0.0 0.0 113.0 1.330610134E12 331.880826212
8 10.64378815703094 43.66854339838028 0.0 0.0 1.6262999773025513 128.0 1.330610161E12 358.720055045
9 10.64379796385765 43.6685302387923 0.0 0.0 1.4386500120162964 136.0 1.330610162E12 359.770629753
10 10.643814224749804 43.668512888252735 0.0 0.0 1.688849925994873 138.0 1.330610163E12 360.793083545
11 10.643825456500053 43.66849960293621 0.0 0.0 1.688849925994873 141.0 1.330610164E12 362.003220128
12 10.64384582452476 43.66848564706743 0.0 0.0 1.6262999773025513 141.0 1.330610165E12 362.742567462
13 10.643862839788198 43.668472822755575 0.0 0.0 1.5637500286102295 142.0 1.330610166E12 363.798298753
14 10.643880106508732 43.66846184246242 0.0 0.0 1.4386500120162964 141.0 1.330610167E12 364.71207492
15 10.643894858658314 43.668450568802655 0.0 0.0 1.376099944114685 142.0 1.330610168E12 365.74064767
16 10.643906258046627 43.668440845794976 0.0 0.0 1.2510000467300415 143.0 1.330610169E12 366.794628545
17 10.643917070701718 43.66843443363905 0.0 0.0 1.2510000467300415 143.0 1.33061017E12 368.006518795
18 10.643929224461317 43.668425967916846 0.0 0.0 1.1884499788284302 142.0 1.330610171E12 368.822093003
19 10.643944730982184 43.668416161090136 0.0 0.0 1.3135499954223633 140.0 1.330610172E12 369.718240087
20 10.643965853378177 43.66841046139598 0.0 0.0 0.8756999969482422 128.0 1.330610174E12 371.75004067
21 10.643979851156473 43.668405935168266 0.0 0.0 0.8756999969482422 121.0 1.330610175E12 372.774972545
22 10.643997956067324 43.66839780472219 0.0 0.0 1.1259000301361084 120.0 1.330610176E12 373.838322295
23 10.644011534750462 43.66839336231351 0.0 0.0 1.063349962234497 120.0 1.330610177E12 374.720066295
24 10.644032824784517 43.66838477086276 0.0 0.0 1.376099944114685 119.0 1.330610178E12 376.098330003
25 10.64404958859086 43.66838104091585 0.0 0.0 1.376099944114685 118.0 1.330610179E12 376.87131767
26 10.644073896110058 43.66837303619832 0.0 0.0 1.2510000467300415 118.0 1.330610181E12 378.834997795
27 10.64409401267767 43.66836561821401 0.0 0.0 1.4386500120162964 117.0 1.330610182E12 379.712390337
28 10.644114380702376 43.66835715249181 0.0 0.0 1.376099944114685 116.0 1.330610183E12 380.754757837
29 10.64413608983159 43.66835229098797 0.0 0.0 1.376099944114685 114.0 1.330610184E12 381.818196545
30 10.644153356552124 43.66835065651685 0.0 0.0 1.1884499788284302 110.0 1.33061017E12 382.709858378
31 10.644169868901372 43.66834835149348 0.0 0.0 1.2510000467300415 109.0 1.330610171E12 383.734022503
32 10.644186297431588 43.66834872867912 0.0 0.0 1.2510000467300415 106.0 1.330610172E12 384.809461337
33 10.64420398324728 43.66834784857929 0.0 0.0 1.2510000467300415 103.0 1.330610173E12 385.819986628
34 10.644219405949116 43.66834910586476 0.0 0.0 1.3135499954223633 101.0 1.330610174E12 386.73461842
35 10.644237762317061 43.66835036315024 0.0 0.0 1.3135499954223633 97.0 1.330610175E12 387.719106962
36 10.644255951046944 43.668351620435715 0.0 0.0 1.2510000467300415 93.0 1.330610176E12 388.763540295
37 10.64427531324327 43.66835279390216 0.0 0.0 1.376099944114685 90.0 1.330610177E12 390.367602253
38 10.644292999058962 43.66835245862603 0.0 0.0 1.2510000467300415 89.0 1.330610178E12 390.86883042
39 10.644308924674988 43.66835195571184 0.0 0.0 1.1884499788284302 87.0 1.330610179E12 391.795125795
40 10.64432568848133 43.66835245862603 0.0 0.0 1.2510000467300415 86.0 1.33061018E12 392.838650878
41 10.644342200830579 43.66835275199264 0.0 0.0 1.2510000467300415 84.0 1.330610181E12 393.727088545
42 10.644360054284334 43.668353841640055 0.0 0.0 1.3135499954223633 84.0 1.330610182E12 394.81865767
43 10.64437891356647 43.66835832595825 0.0 0.0 1.4386500120162964 80.0 1.330610183E12 395.815104712
44 10.644399784505367 43.668363145552576 0.0 0.0 1.5637500286102295 78.0 1.330610184E12 396.769808878
45 10.644420823082328 43.66836545057595 0.0 0.0 1.5637500286102295 78.0 1.330610185E12 397.826862753
46 10.64444093964994 43.668366498313844 0.0 0.0 1.4386500120162964 80.0 1.330610186E12 398.833645962
47 10.644460637122393 43.66837106645107 0.0 0.0 1.5637500286102295 79.0 1.330610187E12 399.948872378
48 10.644481675699353 43.66837655659765 0.0 0.0 1.6262999773025513 77.0 1.330610188E12 400.72167467
49 10.644500199705362 43.668386321514845 0.0 0.0 1.5637500286102295 72.0 1.330610189E12 401.726909462
50 10.644518388435245 43.66839399095625 0.0 0.0 1.4386500120162964 67.0 1.33061019E12 402.77156142
51 10.644537666812539 43.668400193564594 0.0 0.0 1.5012000799179077 64.0 1.330610191E12 403.796123795
52 10.644556023180485 43.66840874310583 0.0 0.0 1.5637500286102295 61.0 1.330610192E12 404.877808378
53 10.644572786986828 43.66841628681868 0.0 0.0 1.5012000799179077 60.0 1.330610193E12 405.749914128
54 10.644591730087996 43.66842378862202 0.0 0.0 1.5637500286102295 60.0 1.330610194E12 407.002925295
55 10.644609164446592 43.66843212861568 0.0 0.0 1.376099944114685 59.0 1.330610195E12 407.731334462
56 10.644627688452601 43.668439630419016 0.0 0.0 1.3135499954223633 59.0 1.330610196E12 408.738714837
57 10.644643111154437 43.66844998206943 0.0 0.0 1.3135499954223633 56.0 1.330610197E12 409.821372753
58 10.644657108932734 43.66846335120499 0.0 0.0 1.4386500120162964 51.0 1.330610198E12 410.732915545
59 10.644669346511364 43.668478983454406 0.0 0.0 1.5012000799179077 45.0 1.330610199E12 411.770296212
60 10.644677560776472 43.668496501632035 0.0 0.0 1.6262999773025513 41.0 1.3306102E12 412.817404378
61 10.644686110317707 43.66851184051484 0.0 0.0 1.376099944114685 39.0 1.330610201E12 413.855937545
62 10.644691977649927 43.66853480692953 0.0 0.0 1.376099944114685 34.0 1.330610202E12 414.745987503
63 10.644699353724718 43.66855014581233 0.0 0.0 1.5637500286102295 30.0 1.330610203E12 415.795860337
64 10.644706645980477 43.668563389219344 0.0 0.0 1.5637500286102295 27.0 1.330610204E12 416.733143003
65 10.644716201350093 43.668576423078775 0.0 0.0 1.5637500286102295 25.0 1.330610205E12 417.755535295
66 10.64472391270101 43.668590881861746 0.0 0.0 1.688849925994873 25.0 1.330610206E12 418.789238087
67 10.64472978003323 43.66860630456358 0.0 0.0 1.688849925994873 23.0 1.330610207E12 419.800827378
68 10.644734976813197 43.668619715608656 0.0 0.0 1.5012000799179077 21.0 1.330610208E12 420.815168045
69 10.644740425050259 43.668633378110826 0.0 0.0 1.4386500120162964 18.0 1.330610209E12 421.72752117
70 10.64474394544959 43.66864854935557 0.0 0.0 1.5012000799179077 15.0 1.33061021E12 422.748302962
71 10.644743861630559 43.66866216994822 0.0 0.0 1.376099944114685 11.0 1.330610211E12 423.809688962
72 10.64474637620151 43.66867398843169 0.0 0.0 1.376099944114685 11.0 1.330610212E12 424.802543212
73 10.644748220220208 43.668686812743545 0.0 0.0 1.3135499954223633 11.0 1.330610213E12 425.723507753
74 10.644749561324716 43.66870081052184 0.0 0.0 1.4386500120162964 9.0 1.330610214E12 426.75225142
75 10.644749058410525 43.66871434729546 0.0 0.0 1.376099944114685 6.0 1.330610215E12 427.719638045
76 10.644748890772462 43.66872775834054 0.0 0.0 1.3135499954223633 5.0 1.330610216E12 428.731595962
77 10.644749058410525 43.66874024737626 0.0 0.0 1.1884499788284302 7.0 1.330610217E12 429.759607962
78 10.644748723134398 43.66875244304538 0.0 0.0 1.1259000301361084 7.0 1.330610218E12 430.802615795
79 10.644750315696001 43.6687643872574 0.0 0.0 1.1259000301361084 8.0 1.330610219E12 431.836567295
80 10.644750986248255 43.668777169659734 0.0 0.0 1.1259000301361084 6.0 1.33061022E12 432.75672167
81 10.644750902429223 43.66879032924771 0.0 0.0 1.1884499788284302 6.0 1.330610221E12 433.776742628
82 10.644751824438572 43.668803363107145 0.0 0.0 1.1884499788284302 6.0 1.330610222E12 434.719364503
83 10.644751824438572 43.66881748661399 0.0 0.0 1.3135499954223633 3.0 1.330610223E12 435.745552795
84 10.644749393686652 43.66883165203035 0.0 0.0 1.3135499954223633 0.0 1.330610224E12 436.779211212
85 10.644749393686652 43.66884506307542 0.0 0.0 1.2510000467300415 359.0 1.330610225E12 437.795532712
86 10.644748890772462 43.66885939612985 0.0 0.0 1.3135499954223633 0.0 1.330610226E12 438.779605503
87 10.644749142229557 43.668871968984604 0.0 0.0 1.2510000467300415 0.0 1.330610227E12 439.840605337
88 10.644749058410525 43.6688859667629 0.0 0.0 1.376099944114685 1.0 1.330610228E12 440.738264337
89 10.644746208563447 43.66889925207943 0.0 0.0 1.2510000467300415 1.0 1.330610229E12 441.812406045
90 10.644743274897337 43.66891358513385 0.0 0.0 1.3135499954223633 2.0 1.33061023E12 442.84493492
91 10.644740676507354 43.6689282534644 0.0 0.0 1.3135499954223633 2.0 1.330610231E12 443.744123795
92 10.64473757520318 43.66894325707108 0.0 0.0 1.376099944114685 2.0 1.330610232E12 444.76056817
93 10.644736234098673 43.668957548215985 0.0 0.0 1.3135499954223633 1.0 1.330610233E12 445.837916962
94 10.644736317917705 43.66897154599428 0.0 0.0 1.2510000467300415 1.0 1.330610234E12 446.75240867
95 10.644736150279641 43.66898504085839 0.0 0.0 1.2510000467300415 2.0 1.330610235E12 447.810902295
96 10.644737239927053 43.66899891290814 0.0 0.0 1.3135499954223633 3.0 1.330610236E12 448.716176837
97 10.644738413393497 43.66901224013418 0.0 0.0 1.1884499788284302 2.0 1.330610237E12 449.75463192
98 10.644738581031561 43.66902581881732 0.0 0.0 1.2510000467300415 3.0 1.330610238E12 450.765829753
99 10.644740341231227 43.66903973277658 0.0 0.0 1.3135499954223633 2.0 1.330610239E12 451.810814545
100 10.644742855802178 43.6690519284457 0.0 0.0 1.2510000467300415 2.0 1.33061024E12 452.729146712
101 10.644745286554098 43.669064585119486 0.0 0.0 1.3135499954223633 4.0 1.330610241E12 453.75089867
102 10.64474486745894 43.669076529331505 0.0 0.0 1.1884499788284302 3.0 1.330610242E12 454.789889462
103 10.644744616001844 43.66908880881965 0.0 0.0 1.2510000467300415 2.0 1.330610243E12 455.88515367
104 10.644743191078305 43.66910146549344 0.0 0.0 1.3135499954223633 0.0 1.330610244E12 456.74450242
105 10.644745202735066 43.6691137868911 0.0 0.0 1.2510000467300415 2.0 1.330610245E12 457.794908087
106 10.64474637620151 43.669126108288765 0.0 0.0 1.3135499954223633 2.0 1.330610246E12 458.804644003
107 10.644747214391828 43.669138345867395 0.0 0.0 1.2510000467300415 1.0 1.330610247E12 459.729262462
108 10.644747046753764 43.66915075108409 0.0 0.0 1.1884499788284302 1.0 1.330610248E12 460.765678295
109 10.644746711477637 43.66916298866272 0.0 0.0 1.1884499788284302 1.0 1.330610249E12 461.801234878
110 10.644744616001844 43.66917401086539 0.0 0.0 1.1259000301361084 1.0 1.33061025E12 462.83085267
111 10.6447434425354 43.669185913167894 0.0 0.0 1.1884499788284302 1.0 1.330610251E12 463.742249045
112 10.644741598516703 43.669197731651366 0.0 0.0 1.1884499788284302 0.0 1.330610252E12 464.771289753
113 10.644738748669624 43.66920955013484 0.0 0.0 1.1884499788284302 358.0 1.330610253E12 465.832958712
114 10.644737156108022 43.66922296117991 0.0 0.0 1.3135499954223633 359.0 1.330610254E12 466.763096128
115 10.644735479727387 43.66923733614385 0.0 0.0 1.3135499954223633 0.0 1.330610255E12 467.827323587
116 10.64473271369934 43.6692528007552 0.0 0.0 1.376099944114685 359.0 1.330610256E12 468.796178462
117 10.644729360938072 43.66926893591881 0.0 0.0 1.5637500286102295 359.0 1.330610257E12 469.839582337
118 10.644728187471628 43.66928297560662 0.0 0.0 1.376099944114685 0.0 1.330610258E12 470.72729742
119 10.644727936014533 43.66929563228041 0.0 0.0 1.376099944114685 0.0 1.330610259E12 471.785750587
120 10.644727433100343 43.669307199306786 0.0 0.0 1.3135499954223633 0.0 1.33061026E12 472.771910795
121 10.64472584053874 43.66931918542832 0.0 0.0 1.3135499954223633 359.0 1.330610261E12 473.805518128
122 10.644725421443582 43.66933272220194 0.0 0.0 1.2510000467300415 359.0 1.330610262E12 474.828712045
123 10.644724750891328 43.669345965608954 0.0 0.0 1.2510000467300415 358.0 1.330610263E12 475.740574587
124 10.644725589081645 43.66936038248241 0.0 0.0 1.3135499954223633 0.0 1.330610264E12 476.771625462
125 10.644726259633899 43.66937538608909 0.0 0.0 1.376099944114685 359.0 1.330610265E12 477.790862837
126 10.644726091995835 43.66939051542431 0.0 0.0 1.4386500120162964 359.0 1.330610266E12 478.864339795
127 10.644727433100343 43.66940618958324 0.0 0.0 1.5012000799179077 0.0 1.330610267E12 479.790151045
128 10.64473019912839 43.66942240856588 0.0 0.0 1.4386500120162964 1.0 1.330610268E12 480.800960045
129 10.64473413862288 43.66943896282464 0.0 0.0 1.5637500286102295 2.0 1.330610269E12 481.835990962
130 10.644736150279641 43.66945547517389 0.0 0.0 1.5012000799179077 2.0 1.33061027E12 482.74965717
131 10.64473514445126 43.66946750320494 0.0 0.0 1.376099944114685 0.0 1.330610271E12 483.760975128
132 10.644733048975468 43.66948187816888 0.0 0.0 1.5012000799179077 358.0 1.330610272E12 484.806965045
133 10.644730534404516 43.66949767805636 0.0 0.0 1.5012000799179077 357.0 1.330610273E12 485.825243795
134 10.644727349281311 43.6695118015632 0.0 0.0 1.4386500120162964 355.0 1.330610274E12 486.843199795
135 10.644723661243916 43.66952630225569 0.0 0.0 1.5012000799179077 354.0 1.330610275E12 487.744315378
136 10.644718799740076 43.669539713300765 0.0 0.0 1.4386500120162964 351.0 1.330610276E12 488.774977003
137 10.644714441150427 43.669553543441 0.0 0.0 1.3135499954223633 350.0 1.330610277E12 489.825445878
138 10.64470823854208 43.66956796031445 0.0 0.0 1.376099944114685 348.0 1.330610278E12 490.763003628
139 10.644701616838574 43.66958065889776 0.0 0.0 1.376099944114685 347.0 1.330610279E12 491.775088837
140 10.644692480564117 43.66959298029542 0.0 0.0 1.376099944114685 343.0 1.33061028E12 492.776541462
141 10.644682589918375 43.66960412822664 0.0 0.0 1.376099944114685 339.0 1.330610281E12 493.819861003
142 10.644672866910696 43.66961682680994 0.0 0.0 1.4386500120162964 336.0 1.330610282E12 494.73775142
143 10.64466523937881 43.66962931584567 0.0 0.0 1.3135499954223633 335.0 1.330610283E12 495.81016917
144 10.644654594361782 43.669640086591244 0.0 0.0 1.376099944114685 330.0 1.330610284E12 496.813728545
145 10.644645458087325 43.66965102497488 0.0 0.0 1.3135499954223633 328.0 1.330610285E12 497.767418295
146 10.644635315984488 43.66966078989208 0.0 0.0 1.2510000467300415 326.0 1.330610286E12 498.754407337
147 10.644625844433904 43.66967105772346 0.0 0.0 1.3135499954223633 325.0 1.330610287E12 499.763560378
148 10.644618133082986 43.66968329530209 0.0 0.0 1.1884499788284302 325.0 1.330610288E12 500.791623795
149 10.644608996808529 43.669692305848 0.0 0.0 1.1884499788284302 324.0 1.330610289E12 501.829703837
150 10.644597010686994 43.66970194503665 0.0 0.0 1.3135499954223633 322.0 1.33061029E12 502.744492587
151 10.644585024565458 43.66970961447805 0.0 0.0 1.1884499788284302 319.0 1.330610291E12 503.754082128
152 10.644572619348764 43.66971720010042 0.0 0.0 1.1259000301361084 316.0 1.330610292E12 504.791253753
153 10.644556190818548 43.66972524672747 0.0 0.0 1.3135499954223633 312.0 1.330610293E12 505.827228212
154 10.644540516659617 43.66973056923598 0.0 0.0 1.3135499954223633 308.0 1.330610294E12 506.867633212
155 10.644521657377481 43.66973681375384 0.0 0.0 1.5012000799179077 306.0 1.330610295E12 507.751839545
156 10.644503636285663 43.6697417171672 0.0 0.0 1.4386500120162964 303.0 1.330610296E12 508.799028795
157 10.644486788660288 43.669747123494744 0.0 0.0 1.3135499954223633 302.0 1.330610297E12 509.829348878
158 10.644469438120723 43.66975144017488 0.0 0.0 1.376099944114685 299.0 1.330610298E12 510.85489267
159 10.644452422857285 43.66975596640259 0.0 0.0 1.3135499954223633 297.0 1.330610299E12 511.738104712
160 10.64443456940353 43.66976003162563 0.0 0.0 1.376099944114685 295.0 1.3306103E12 512.739769837
161 10.644419817253947 43.66976267192513 0.0 0.0 1.1884499788284302 293.0 1.330610301E12 513.815286128
162 10.644401209428906 43.669764222577214 0.0 0.0 1.3135499954223633 289.0 1.330610302E12 514.798320337
163 10.644384026527405 43.66976514458656 0.0 0.0 1.3135499954223633 287.0 1.330610303E12 515.734017087
164 10.644368100911379 43.66976606659591 0.0 0.0 1.1259000301361084 286.0 1.330610304E12 516.75926342
165 10.644352678209543 43.669768162071705 0.0 0.0 1.063349962234497 286.0 1.330610305E12 517.819925003
166 10.644336165860295 43.669769586995244 0.0 0.0 1.1259000301361084 285.0 1.330610306E12 518.736213587
167 10.644316971302032 43.66977046709508 0.0 0.0 1.1884499788284302 283.0 1.330610307E12 519.773278337
168 10.644298028200865 43.66977084428072 0.0 0.0 1.1884499788284302 279.0 1.330610308E12 520.796830212
169 10.644280090928078 43.66977097000927 0.0 0.0 1.2510000467300415 276.0 1.330610309E12 521.830622545
170 10.644260980188847 43.6697710538283 0.0 0.0 1.376099944114685 274.0 1.33061031E12 522.741923628
171 10.644240360707045 43.66977147292346 0.0 0.0 1.4386500120162964 272.0 1.330610311E12 523.765866837
172 10.64422158524394 43.66977113764733 0.0 0.0 1.376099944114685 269.0 1.330610312E12 524.786346462
173 10.644201636314392 43.66976933553815 0.0 0.0 1.4386500120162964 266.0 1.330610313E12 525.730730253
174 10.644182777032256 43.669767365790904 0.0 0.0 1.4386500120162964 264.0 1.330610314E12 526.802725545
175 10.644160816445947 43.66976556368172 0.0 0.0 1.376099944114685 263.0 1.330610315E12 527.790986003
176 10.644143549725413 43.66976317483932 0.0 0.0 1.2510000467300415 261.0 1.330610316E12 528.81072442
177 10.644128629937768 43.66976024117321 0.0 0.0 1.1884499788284302 257.0 1.330610317E12 529.746206795
178 10.644113877788186 43.66975655313581 0.0 0.0 1.1884499788284302 255.0 1.330610318E12 530.739378295
179 10.644102478399873 43.66975261364132 0.0 0.0 1.0008000135421753 251.0 1.330610319E12 531.791671128
180 10.644086971879005 43.669747794047 0.0 0.0 1.3135499954223633 249.0 1.33061032E12 532.821246795
181 10.644072303548455 43.66974284872413 0.0 0.0 1.3135499954223633 247.0 1.330610321E12 533.846346378
182 10.644056797027588 43.669737190939486 0.0 0.0 1.4386500120162964 245.0 1.330610322E12 534.733365753
183 10.644038608297706 43.6697303596884 0.0 0.0 1.5012000799179077 244.0 1.330610323E12 535.761981753
184 10.644018240272999 43.66972264833748 0.0 0.0 1.688849925994873 244.0 1.330610324E12 536.77924342
185 10.643999297171831 43.66971451789141 0.0 0.0 1.688849925994873 243.0 1.330610325E12 537.784869003
186 10.643981527537107 43.669705842621624 0.0 0.0 1.7513999938964844 241.0 1.330610326E12 538.81419892
187 10.643966775387526 43.669696538709104 0.0 0.0 1.5637500286102295 239.0 1.330610327E12 539.844920962
188 10.643952274695039 43.66968777962029 0.0 0.0 1.4386500120162964 235.0 1.330610328E12 540.754760545
189 10.64393425360322 43.669677721336484 0.0 0.0 1.5637500286102295 233.0 1.330610329E12 541.718489253
190 10.643916064873338 43.66966774687171 0.0 0.0 1.5637500286102295 230.0 1.33061033E12 542.738857962
191 10.643902150914073 43.669657688587904 0.0 0.0 1.376099944114685 227.0 1.330610331E12 543.761083795
192 10.64388781785965 43.66964687593281 0.0 0.0 1.4386500120162964 224.0 1.330610332E12 544.82505192
193 10.643873317167163 43.669635518454015 0.0 0.0 1.4386500120162964 222.0 1.330610333E12 545.847007295
194 10.643858648836613 43.66962403524667 0.0 0.0 1.4386500120162964 220.0 1.330610334E12 546.741500253
195 10.643849344924092 43.669613264501095 0.0 0.0 1.2510000467300415 217.0 1.330610335E12 547.763517253
196 10.643837945535779 43.669601529836655 0.0 0.0 1.4386500120162964 216.0 1.330610336E12 548.789166795
197 10.64382771961391 43.66959046572447 0.0 0.0 1.376099944114685 217.0 1.330610337E12 549.782261753
198 10.643816906958818 43.669579988345504 0.0 0.0 1.4386500120162964 217.0 1.330610338E12 550.763214212
199 10.6438091956079 43.66956787649542 0.0 0.0 1.376099944114685 215.0 1.330610339E12 551.790576587
200 10.643797628581524 43.66955723147839 0.0 0.0 1.3135499954223633 215.0 1.33061034E12 552.797232503
201 10.643786396831274 43.66954650264233 0.0 0.0 1.376099944114685 216.0 1.330610341E12 553.868895503
202 10.643777512013912 43.66953648626804 0.0 0.0 1.1884499788284302 214.0 1.330610342E12 554.751195045
203 10.643771812319756 43.66952688898891 0.0 0.0 1.063349962234497 212.0 1.330610343E12 555.769960212
204 10.643765609711409 43.66951477713883 0.0 0.0 1.3135499954223633 208.0 1.330610344E12 556.81187242
205 10.643759574741125 43.66950316820294 0.0 0.0 1.3135499954223633 206.0 1.330610345E12 557.840527503
206 10.643756976351142 43.669490637257695 0.0 0.0 1.376099944114685 203.0 1.330610346E12 558.740924837
207 10.643755216151476 43.66947827395052 0.0 0.0 1.376099944114685 200.0 1.330610347E12 559.778513295
208 10.64375496469438 43.66946578491479 0.0 0.0 1.376099944114685 195.0 1.330610348E12 560.79695917
209 10.643752701580524 43.669453002512455 0.0 0.0 1.2510000467300415 192.0 1.330610349E12 561.818552795
210 10.64375152811408 43.669440345838666 0.0 0.0 1.3135499954223633 190.0 1.33061035E12 562.759460045
211 10.643748510628939 43.6694264318794 0.0 0.0 1.4386500120162964 189.0 1.330610351E12 563.776483045
212 10.643745744600892 43.669412434101105 0.0 0.0 1.376099944114685 186.0 1.330610352E12 564.799721587
213 10.643744403496385 43.66939881350845 0.0 0.0 1.376099944114685 185.0 1.330610353E12 565.831595837
214 10.64374272711575 43.66938464809209 0.0 0.0 1.376099944114685 184.0 1.330610354E12 566.780103795
215 10.643740966916084 43.66937056649476 0.0 0.0 1.376099944114685 183.0 1.330610355E12 567.754307295
216 10.643740883097053 43.66935686208308 0.0 0.0 1.4386500120162964 182.0 1.330610356E12 568.772122503
217 10.64374071545899 43.66934412159026 0.0 0.0 1.376099944114685 182.0 1.330610357E12 569.782821753
218 10.643740380182862 43.66933167446405 0.0 0.0 1.376099944114685 181.0 1.330610358E12 570.790949753
219 10.643741469830275 43.66931968834251 0.0 0.0 1.3135499954223633 181.0 1.330610359E12 571.86368817
220 10.643742643296719 43.66930879186839 0.0 0.0 1.1884499788284302 180.0 1.33061036E12 572.742282837
221 10.64374658279121 43.66929906886071 0.0 0.0 1.1884499788284302 178.0 1.330610361E12 573.773965003
222 10.643749265000224 43.66928884293884 0.0 0.0 1.1259000301361084 176.0 1.330610362E12 574.783810087
223 10.643749013543129 43.669276856817305 0.0 0.0 1.2510000467300415 176.0 1.330610363E12 575.846992712
224 10.643750606104732 43.66926466114819 0.0 0.0 1.3135499954223633 175.0 1.330610364E12 576.841340837
225 10.64374859444797 43.669252465479076 0.0 0.0 1.2510000467300415 177.0 1.330610365E12 577.771989753
226 10.64374566078186 43.66923876106739 0.0 0.0 1.2510000467300415 180.0 1.330610366E12 578.762507295
227 10.643742978572845 43.66922602057457 0.0 0.0 1.2510000467300415 182.0 1.330610367E12 579.799529295
228 10.643742056563497 43.66921248380095 0.0 0.0 1.1884499788284302 181.0 1.330610368E12 580.816357712
229 10.643742475658655 43.66919810883701 0.0 0.0 1.3135499954223633 179.0 1.330610369E12 581.757815795
230 10.643744822591543 43.669185284525156 0.0 0.0 1.3135499954223633 177.0 1.33061037E12 582.816034045
231 10.643747504800558 43.66917229257524 0.0 0.0 1.3135499954223633 175.0 1.330610371E12 583.862633878
232 10.643747169524431 43.669160516001284 0.0 0.0 1.1884499788284302 175.0 1.330610372E12 584.756617837
233 10.643747756257653 43.6691465601325 0.0 0.0 1.2510000467300415 177.0 1.330610373E12 585.762777962
234 10.643749935552478 43.669131263159215 0.0 0.0 1.376099944114685 177.0 1.330610374E12 586.804443712
235 10.643750773742795 43.66911533754319 0.0 0.0 1.5012000799179077 179.0 1.330610375E12 587.819646003
236 10.6437470857054 43.669102219864726 0.0 0.0 1.2510000467300415 180.0 1.330610376E12 588.832723003
237 10.643744319677353 43.66908981464803 0.0 0.0 1.1884499788284302 182.0 1.330610377E12 589.766110587
238 10.64374272711575 43.66907812189311 0.0 0.0 1.1259000301361084 182.0 1.330610378E12 590.84004042
239 10.643742140382528 43.66906714159995 0.0 0.0 1.063349962234497 183.0 1.330610379E12 591.757599753
240 10.643742643296719 43.669054484926164 0.0 0.0 1.1884499788284302 183.0 1.33061038E12 592.772157337
241 10.643744906410575 43.669042247347534 0.0 0.0 1.063349962234497 181.0 1.330610381E12 593.790573753
242 10.64374515786767 43.669031811878085 0.0 0.0 1.063349962234497 181.0 1.330610382E12 594.753248795
243 10.643740966916084 43.66902091540396 0.0 0.0 1.1259000301361084 185.0 1.330610383E12 595.85258817
244 10.643735770136118 43.66900708526373 0.0 0.0 1.1884499788284302 186.0 1.330610384E12 596.836945628
245 10.643731327727437 43.66899333894253 0.0 0.0 1.2510000467300415 186.0 1.330610385E12 597.72672542
246 10.643728896975517 43.66897745523602 0.0 0.0 1.3135499954223633 186.0 1.330610386E12 598.790728212
247 10.643726382404566 43.66896421182901 0.0 0.0 1.2510000467300415 185.0 1.330610387E12 599.831555878
248 10.643723448738456 43.66895084269345 0.0 0.0 1.3135499954223633 185.0 1.330610388E12 600.768906295
249 10.643719676882029 43.66893806029111 0.0 0.0 1.3135499954223633 186.0 1.330610389E12 601.787486837
250 10.643716072663665 43.66892636753619 0.0 0.0 1.1884499788284302 188.0 1.33061039E12 602.81941692
251 10.643713055178523 43.66891534533352 0.0 0.0 1.1259000301361084 189.0 1.330610391E12 603.868938795
252 10.643716743215919 43.66889849770814 0.0 0.0 1.376099944114685 187.0 1.330610392E12 604.75461242
253 10.643714144825935 43.66888454183936 0.0 0.0 1.3135499954223633 188.0 1.330610393E12 605.773320545
254 10.643712719902396 43.66887150797993 0.0 0.0 1.2510000467300415 187.0 1.330610394E12 606.829285378
255 10.643712133169174 43.668856588192284 0.0 0.0 1.3135499954223633 187.0 1.330610395E12 607.738656628
256 10.643710540607572 43.66884166840464 0.0 0.0 1.5012000799179077 188.0 1.330610396E12 608.791435003
257 10.643711211159825 43.66882628761232 0.0 0.0 1.4386500120162964 187.0 1.330610397E12 609.804338253
258 10.643711546435952 43.66881140973419 0.0 0.0 1.5012000799179077 188.0 1.330610398E12 610.829069128
259 10.643709870055318 43.66879913024604 0.0 0.0 1.4386500120162964 189.0 1.330610399E12 611.872875295
260 10.643711797893047 43.668784042820334 0.0 0.0 1.5012000799179077 189.0 1.3306104E12 612.751072795
261 10.643716910853982 43.66876455489546 0.0 0.0 1.5637500286102295 190.0 1.330610401E12 613.782499503
262 10.643711881712079 43.66874921601266 0.0 0.0 1.6262999773025513 193.0 1.330610402E12 614.808623587
263 10.643710540607572 43.66873622406274 0.0 0.0 1.3135499954223633 194.0 1.330610403E12 615.831383837
264 10.643709618598223 43.668724657036364 0.0 0.0 1.2510000467300415 196.0 1.330610404E12 616.85954067
265 10.643712636083364 43.66871334146708 0.0 0.0 1.1259000301361084 193.0 1.330610405E12 617.769161587
266 10.643713222816586 43.668701187707484 0.0 0.0 1.1259000301361084 191.0 1.330610406E12 618.800882128
267 10.64371288754046 43.66868890821934 0.0 0.0 1.1259000301361084 191.0 1.330610407E12 619.739292628
268 10.64371582120657 43.66867252159864 0.0 0.0 1.376099944114685 190.0 1.330610408E12 620.773067337
269 10.643717413768172 43.66866149939597 0.0 0.0 1.2510000467300415 187.0 1.330610409E12 621.810651545
270 10.643736273050308 43.66865810472518 0.0 0.0 1.1259000301361084 181.0 1.33061041E12 622.733010295
